[    0    0.000               7          0.2943;
     1    0.044               7         -2.0354;
     2    0.089              42         -2.1654;
     3    0.133             131         -2.2680;
     4    0.177             262         -2.3449;
     5    0.221             403         -2.4106;
     6    0.266             517         -2.4841;
     7    0.310             587         -2.5760;
     8    0.354             625         -2.6822;
     9    0.398             667         -2.7875;
    10    0.443             743         -2.8758;
    11    0.487             863         -2.9396;
    12    0.531            1012         -2.9829;
    13    0.576            1159         -3.0208;
    14    0.620            1277         -3.0678;
    15    0.664            1360         -3.1294;
    16    0.708            1424         -3.1981;
    17    0.753            1497         -3.2622;
    18    0.797            1600         -3.3095;
    19    0.841            1736         -3.3364;
    20    0.885            1888         -3.3495;
    21    0.930            2032         -3.3608;
    22    0.974            2151         -3.3797;
    23    1.018            2244         -3.4075;
    24    1.063            2329         -3.4383;
    25    1.107            2423         -3.4621;
    26    1.151            2541         -3.4713;
    27    1.195            2680         -3.4658;
    28    1.240            2823         -3.4524;
    29    1.284            2956         -3.4389;
    30    1.328            3071         -3.4304;
    31    1.372            3170         -3.4261;
    32    1.417            3267         -3.4209;
    33    1.461            3373         -3.4078;
    34    1.505            3495         -3.3837;
    35    1.549            3623         -3.3520;
    36    1.594            3748         -3.3172;
    37    1.638            3864         -3.2824;
    38    1.682            3971         -3.2488;
    39    1.727            4072         -3.2149;
    40    1.771            4175         -3.1774;
    41    1.815            4284         -3.1337;
    42    1.859            4393         -3.0855;
    43    1.904            4500         -3.0351;
    44    1.948            4604         -2.9823;
    45    1.992            4707         -2.9277;
    46    2.036            4807         -2.8706;
    47    2.081            4906         -2.8104;
    48    2.125            5005         -2.7476;
    49    2.169            5100         -2.6828;
    50    2.214            5193         -2.6166;
    51    2.258            5286         -2.5476;
    52    2.302            5376         -2.4765;
    53    2.346            5464         -2.4038;
    54    2.391            5550         -2.3294;
    55    2.435            5632         -2.2537;
    56    2.479            5711         -2.1770;
    57    2.523            5787         -2.0998;
    58    2.568            5860         -2.0214;
    59    2.612            5932         -1.9408;
    60    2.656            6003         -1.8590;
    61    2.701            6071         -1.7759;
    62    2.745            6136         -1.6917;
    63    2.789            6199         -1.6074;
    64    2.833            6256         -1.5232;
    65    2.878            6311         -1.4386;
    66    2.922            6364         -1.3532;
    67    2.966            6415         -1.2674;
    68    3.010            6463          1.0314;
    69    3.055            6501          1.2613;
    70    3.099            6496          1.4722;
    71    3.143            6428          1.6511;
    72    3.188            6313          1.8031;
    73    3.232            6196          1.9475;
    74    3.276            6110          2.1032;
    75    3.320            6070          2.2787;
    76    3.365            6058          2.4689;
    77    3.409            6034          2.6542;
    78    3.453            5965          2.8175;
    79    3.497            5843          2.9518;
    80    3.542            5692          3.0653;
    81    3.586            5546          3.1755;
    82    3.630            5435          3.2970;
    83    3.674            5363          3.4353;
    84    3.719            5306          3.5803;
    85    3.763            5229          3.7152;
    86    3.807            5112          3.8275;
    87    3.852            4955          3.9161;
    88    3.896            4782          3.9896;
    89    3.940            4623          4.0629;
    90    3.984            4496          4.1474;
    91    4.029            4397          4.2421;
    92    4.073            4303          4.3373;
    93    4.117            4188          4.4203;
    94    4.161            4040          4.4832;
    95    4.206            3865          4.5269;
    96    4.250            3683          4.5604;
    97    4.294            3520          4.5962;
    98    4.339            3383          4.6404;
    99    4.383            3264          4.6896;
   100    4.427            3142          4.7347;
   101    4.471            3003          4.7671;
   102    4.516            2839          4.7830;
   103    4.560            2661          4.7857;
   104    4.604            2486          4.7839;
   105    4.648            2329          4.7842;
   106    4.693            2189          4.7882;
   107    4.737            2057          4.7924;
   108    4.781            1921          4.7912;
   109    4.826            1771          4.7787;
   110    4.870            1607          4.7546;
   111    4.914            1440          4.7222;
   112    4.958            1280          4.6880;
   113    5.003            1132          4.6538;
   114    5.047             992          4.6200;
   115    5.091             856          4.5836;
   116    5.135             716          4.5412;
   117    5.180             568          4.4905;
   118    5.224             420          4.4341;
   119    5.268             274          4.3745;
   120    5.313             133          4.3126;
   121    5.357              -3          4.2476;
   122    5.401            -138          4.1798;
   123    5.445            -272          4.1078;
   124    5.490            -407          4.0314;
   125    5.534            -539          3.9518;
   126    5.578            -667          3.8694;
   127    5.622            -794          3.7839;
   128    5.667            -918          3.6960;
   129    5.711           -1038          3.6053;
   130    5.755           -1155          3.5128;
   131    5.799           -1270          3.4173;
   132    5.844           -1382          3.3199;
   133    5.888           -1488          3.2213;
   134    5.932           -1591          3.1215]
