1/14/2025 2:00:32 PM
Chan          Press(in-H2O)     StdDev         AOA(deg), Airflow(%-Max)
0.000000	0.000259	0.029962	0.005829
1.000000	0.000027	0.029494	-0.054944
2.000000	0.000081	0.027279	0.000000
3.000000	-0.000068	0.029024	0.000000
4.000000	0.000385	0.029093	0.000000
5.000000	-0.000299	0.030579	0.000000
6.000000	-0.000112	0.029474	0.000000
7.000000	-0.000793	0.028557	0.000000
8.000000	-0.000343	0.030272	0.000000
9.000000	-0.000257	0.029157	0.000000
10.000000	-0.000716	0.029513	0.000000
11.000000	-0.001340	0.030007	0.000000
12.000000	0.000850	0.030984	0.000000
13.000000	0.000099	0.031264	0.000000
14.000000	-0.000721	0.028363	0.000000
15.000000	-0.000657	0.030875	0.000000
16.000000	-0.000685	0.029713	0.000000
17.000000	-0.000266	0.031179	0.000000
18.000000	-0.001027	0.029058	0.000000
19.000000	0.000151	0.030062	0.000000
20.000000	-0.000595	0.031052	0.000000
21.000000	-0.000069	0.031499	0.000000
22.000000	-0.000113	0.031520	0.000000
23.000000	-0.000365	0.030954	0.000000
24.000000	0.000224	0.029481	0.000000
25.000000	-0.000410	0.030514	0.000000
26.000000	0.001354	0.031011	0.000000
27.000000	0.000710	0.032166	0.000000
28.000000	-0.000774	0.032237	0.000000
29.000000	0.001215	0.032479	0.000000
30.000000	0.000711	0.032209	0.000000
31.000000	0.000186	0.036606	0.000000
32.000000	-0.000527	0.030245	0.000000
33.000000	-0.000291	0.030789	0.000000
34.000000	0.000028	0.030703	0.000000
35.000000	-0.000618	0.031014	0.000000
36.000000	0.000000	0.000000	0.000000
37.000000	0.000000	0.000000	0.000000
38.000000	0.000000	0.000000	0.000000
39.000000	-0.001778	0.030498	0.000000
