1/14/2025 2:27:14 PM
Chan          Press(in-H2O)     StdDev         AOA(deg), Airflow(%-Max)
0.000000	-0.000288	0.029641	11.987070
1.000000	-0.000494	0.029759	-0.069802
2.000000	0.000202	0.027496	0.000000
3.000000	0.000081	0.029526	0.000000
4.000000	-0.000110	0.028730	0.000000
5.000000	-0.000213	0.030280	0.000000
6.000000	-0.000461	0.029292	0.000000
7.000000	0.000501	0.027945	0.000000
8.000000	0.000164	0.030354	0.000000
9.000000	-0.000704	0.029218	0.000000
10.000000	0.000234	0.029249	0.000000
11.000000	0.000014	0.029893	0.000000
12.000000	0.000206	0.030621	0.000000
13.000000	0.001453	0.031248	0.000000
14.000000	-0.000665	0.029557	0.000000
15.000000	-0.000486	0.030197	0.000000
16.000000	0.000123	0.030618	0.000000
17.000000	0.000686	0.030715	0.000000
18.000000	-0.000886	0.030161	0.000000
19.000000	-0.000316	0.030355	0.000000
20.000000	-0.000000	0.030725	0.000000
21.000000	-0.000305	0.031254	0.000000
22.000000	-0.000042	0.031920	0.000000
23.000000	-0.000940	0.031080	0.000000
24.000000	-0.000056	0.029617	0.000000
25.000000	0.000127	0.030512	0.000000
26.000000	-0.000084	0.030748	0.000000
27.000000	-0.000597	0.031281	0.000000
28.000000	-0.001161	0.032421	0.000000
29.000000	-0.001074	0.033745	0.000000
30.000000	-0.000909	0.033601	0.000000
31.000000	-0.000487	0.035080	0.000000
32.000000	-0.001338	0.031098	0.000000
33.000000	-0.000360	0.031829	0.000000
34.000000	0.000267	0.031819	0.000000
35.000000	-0.000520	0.031207	0.000000
36.000000	0.000000	0.000000	0.000000
37.000000	0.000000	0.000000	0.000000
38.000000	0.000000	0.000000	0.000000
39.000000	-0.000748	0.030377	0.000000
