1/14/2025 2:28:26 PM
Chan          Press(in-H2O)     StdDev         AOA(deg), Airflow(%-Max)
0.000000	-0.528174	0.049084	12.003167
1.000000	-1.152536	0.051291	32.041116
2.000000	-1.188598	0.068809	0.000000
3.000000	-1.058338	0.043795	0.000000
4.000000	-0.969387	0.046655	0.000000
5.000000	-1.006029	0.048785	0.000000
6.000000	-1.044134	0.047435	0.000000
7.000000	-1.067578	0.062762	0.000000
8.000000	-0.935006	0.057679	0.000000
9.000000	-0.982944	0.074381	0.000000
10.000000	0.458721	0.039002	0.000000
11.000000	0.350298	0.038194	0.000000
12.000000	0.242774	0.034196	0.000000
13.000000	0.175806	0.047284	0.000000
14.000000	0.103581	0.036320	0.000000
15.000000	0.032810	0.040866	0.000000
16.000000	-0.003166	0.039279	0.000000
17.000000	-0.065158	0.036251	0.000000
18.000000	0.929426	0.044948	0.000000
19.000000	0.933990	0.040062	0.000000
20.000000	0.907934	0.047383	0.000000
21.000000	0.908533	0.048932	0.000000
22.000000	0.742339	0.107152	0.000000
23.000000	0.675858	0.131114	0.000000
24.000000	0.605266	0.138086	0.000000
25.000000	0.152727	0.167070	0.000000
26.000000	0.224333	0.133688	0.000000
27.000000	0.161256	0.087164	0.000000
28.000000	0.180985	0.082612	0.000000
29.000000	0.081974	0.085923	0.000000
30.000000	0.012604	0.110761	0.000000
31.000000	0.144966	0.080989	0.000000
32.000000	0.229648	0.084901	0.000000
33.000000	0.287445	0.094106	0.000000
34.000000	0.223126	0.078006	0.000000
35.000000	0.369572	0.079009	0.000000
36.000000	0.000000	0.000000	0.000000
37.000000	0.000000	0.000000	0.000000
38.000000	0.000000	0.000000	0.000000
39.000000	0.950896	0.034137	0.000000
