1/14/2025 2:32:11 PM
Chan          Press(in-H2O)     StdDev         AOA(deg), Airflow(%-Max)
0.000000	-0.000000	0.029225	16.025105
1.000000	0.001098	0.029481	-0.050102
2.000000	-0.000539	0.027654	0.000000
3.000000	-0.000746	0.029332	0.000000
4.000000	0.000413	0.029693	0.000000
5.000000	-0.000028	0.030488	0.000000
6.000000	-0.001076	0.028813	0.000000
7.000000	0.000737	0.028522	0.000000
8.000000	0.000767	0.030313	0.000000
9.000000	0.000081	0.029136	0.000000
10.000000	0.000275	0.028290	0.000000
11.000000	-0.000405	0.029817	0.000000
12.000000	-0.000000	0.030311	0.000000
13.000000	0.000593	0.030142	0.000000
14.000000	0.000792	0.029672	0.000000
15.000000	0.000343	0.030356	0.000000
16.000000	0.000425	0.030784	0.000000
17.000000	-0.001135	0.031249	0.000000
18.000000	-0.001125	0.029599	0.000000
19.000000	0.000536	0.030802	0.000000
20.000000	-0.001176	0.030607	0.000000
21.000000	-0.001538	0.031471	0.000000
22.000000	-0.002505	0.031821	0.000000
23.000000	-0.000870	0.030635	0.000000
24.000000	-0.001515	0.029566	0.000000
25.000000	-0.000467	0.029966	0.000000
26.000000	-0.001703	0.030939	0.000000
27.000000	-0.000611	0.031574	0.000000
28.000000	0.000567	0.030763	0.000000
29.000000	-0.000438	0.032685	0.000000
30.000000	0.001037	0.031906	0.000000
31.000000	0.000631	0.035913	0.000000
32.000000	-0.000176	0.030949	0.000000
33.000000	-0.000028	0.030884	0.000000
34.000000	-0.001531	0.031208	0.000000
35.000000	-0.000028	0.031251	0.000000
36.000000	0.000000	0.000000	0.000000
37.000000	0.000000	0.000000	0.000000
38.000000	0.000000	0.000000	0.000000
39.000000	-0.000409	0.030629	0.000000
