1/14/2025 2:13:04 PM
Chan          Press(in-H2O)     StdDev         AOA(deg), Airflow(%-Max)
0.000000	0.004106	0.029593	3.981258
1.000000	-0.000810	0.029847	-0.068197
2.000000	-0.000135	0.027347	0.000000
3.000000	-0.003512	0.029737	0.000000
4.000000	-0.000055	0.028765	0.000000
5.000000	-0.007626	0.030201	0.000000
6.000000	-0.000992	0.029662	0.000000
7.000000	-0.003548	0.028109	0.000000
8.000000	-0.001672	0.030094	0.000000
9.000000	-0.000149	0.029412	0.000000
10.000000	-0.001116	0.028551	0.000000
11.000000	-0.001410	0.029677	0.000000
12.000000	0.001879	0.030414	0.000000
13.000000	-0.000056	0.031367	0.000000
14.000000	0.000156	0.029215	0.000000
15.000000	0.000129	0.030425	0.000000
16.000000	-0.002042	0.030660	0.000000
17.000000	-0.001905	0.031379	0.000000
18.000000	-0.000633	0.029766	0.000000
19.000000	0.001140	0.029696	0.000000
20.000000	0.000635	0.031212	0.000000
21.000000	-0.002162	0.032005	0.000000
22.000000	0.004501	0.032226	0.000000
23.000000	-0.003129	0.031114	0.000000
24.000000	-0.000379	0.029735	0.000000
25.000000	0.001343	0.030555	0.000000
26.000000	0.002638	0.030886	0.000000
27.000000	-0.001222	0.031194	0.000000
28.000000	0.001783	0.032078	0.000000
29.000000	0.001046	0.033412	0.000000
30.000000	0.002245	0.033106	0.000000
31.000000	0.006136	0.035248	0.000000
32.000000	-0.001217	0.031569	0.000000
33.000000	-0.002314	0.031099	0.000000
34.000000	0.001025	0.031281	0.000000
35.000000	0.000843	0.030284	0.000000
36.000000	0.000000	0.000000	0.000000
37.000000	0.000000	0.000000	0.000000
38.000000	0.000000	0.000000	0.000000
39.000000	0.001016	0.031461	0.000000
