1/14/2025 2:22:01 PM
Chan          Press(in-H2O)     StdDev         AOA(deg), Airflow(%-Max)
0.000000	0.000331	0.029964	7.978951
1.000000	0.000563	0.029894	-0.056983
2.000000	0.000848	0.027432	0.000000
3.000000	0.000447	0.029004	0.000000
4.000000	0.000316	0.028584	0.000000
5.000000	0.000526	0.030466	0.000000
6.000000	0.001440	0.029698	0.000000
7.000000	0.000195	0.028606	0.000000
8.000000	0.000164	0.030491	0.000000
9.000000	-0.000920	0.028527	0.000000
10.000000	-0.000041	0.028514	0.000000
11.000000	-0.000977	0.030356	0.000000
12.000000	0.000192	0.031033	0.000000
13.000000	0.000790	0.030369	0.000000
14.000000	-0.000707	0.028873	0.000000
15.000000	-0.001128	0.031363	0.000000
16.000000	-0.001151	0.030190	0.000000
17.000000	0.000224	0.031382	0.000000
18.000000	-0.000745	0.029973	0.000000
19.000000	-0.000316	0.030851	0.000000
20.000000	-0.001594	0.031122	0.000000
21.000000	0.000208	0.032039	0.000000
22.000000	-0.000807	0.032316	0.000000
23.000000	0.000772	0.031045	0.000000
24.000000	-0.000575	0.029410	0.000000
25.000000	-0.000283	0.030573	0.000000
26.000000	0.000782	0.031576	0.000000
27.000000	0.000114	0.031382	0.000000
28.000000	0.000041	0.031497	0.000000
29.000000	-0.000254	0.032352	0.000000
30.000000	0.000185	0.032803	0.000000
31.000000	0.001620	0.034771	0.000000
32.000000	-0.000757	0.030645	0.000000
33.000000	-0.001247	0.031385	0.000000
34.000000	0.000857	0.030698	0.000000
35.000000	-0.000632	0.031273	0.000000
36.000000	0.000000	0.000000	0.000000
37.000000	0.000000	0.000000	0.000000
38.000000	0.000000	0.000000	0.000000
39.000000	-0.000959	0.031591	0.000000
