 Sample   Time     Encoder 3 Pos   Control Effort 1

[    0    0.000               0          0.0000;
     1    0.009               0          1.8004;
     2    0.018               0          1.8004;
     3    0.027              -0          1.8004;
     4    0.035              -2          1.8004;
     5    0.044              -4          1.8004;
     6    0.053              -7          1.8004;
     7    0.062              -9          1.8004;
     8    0.071             -12          1.8004;
     9    0.080             -16          1.8004;
    10    0.089             -20          1.8004;
    11    0.097             -24          1.8004;
    12    0.106             -28          1.8004;
    13    0.115             -33          1.8004;
    14    0.124             -38          1.8004;
    15    0.133             -43          1.8004;
    16    0.142             -49          1.8004;
    17    0.151             -55          1.8004;
    18    0.159             -61          1.8004;
    19    0.168             -68          1.8004;
    20    0.177             -74          1.8004;
    21    0.186             -81          1.8004;
    22    0.195             -89          1.8004;
    23    0.204             -97          1.8004;
    24    0.213            -105          1.8004;
    25    0.221            -113          1.8004;
    26    0.230            -121          1.8004;
    27    0.239            -130          1.8004;
    28    0.248            -140          1.8004;
    29    0.257            -149          1.8004;
    30    0.266            -159          1.8004;
    31    0.274            -169          1.8004;
    32    0.283            -179          1.8004;
    33    0.292            -190          1.8004;
    34    0.301            -201          1.8004;
    35    0.310            -212          1.8004;
    36    0.319            -223          1.8004;
    37    0.328            -235          1.8004;
    38    0.336            -247          1.8004;
    39    0.345            -259          1.8004;
    40    0.354            -272          1.8004;
    41    0.363            -285          1.8004;
    42    0.372            -297          1.8004;
    43    0.381            -311          1.8004;
    44    0.390            -325          1.8004;
    45    0.398            -338          1.8004;
    46    0.407            -353          1.8004;
    47    0.416            -367          1.8004;
    48    0.425            -382          1.8004;
    49    0.434            -397          1.8004;
    50    0.443            -412          1.8004;
    51    0.452            -428          1.8004;
    52    0.460            -443          1.8004;
    53    0.469            -459          1.8004;
    54    0.478            -476          1.8004;
    55    0.487            -492          1.8004;
    56    0.496            -509          1.8004;
    57    0.505            -526          1.8004;
    58    0.514            -544          1.8004;
    59    0.522            -561          1.8004;
    60    0.531            -579          1.8004;
    61    0.540            -597          1.8004;
    62    0.549            -616          1.8004;
    63    0.558            -635          1.8004;
    64    0.567            -654          1.8004;
    65    0.576            -673          1.8004;
    66    0.584            -693          1.8004;
    67    0.593            -713          1.8004;
    68    0.602            -733          1.8004;
    69    0.611            -753          1.8004;
    70    0.620            -774          1.8004;
    71    0.629            -795          1.8004;
    72    0.638            -817          1.8004;
    73    0.646            -838          1.8004;
    74    0.655            -860          1.8004;
    75    0.664            -882          1.8004;
    76    0.673            -905          1.8004;
    77    0.682            -927          1.8004;
    78    0.691            -950          1.8004;
    79    0.699            -973          1.8004;
    80    0.708            -997          1.8004;
    81    0.717           -1021          1.8004;
    82    0.726           -1045          1.8004;
    83    0.735           -1069          1.8004;
    84    0.744           -1093          1.8004;
    85    0.753           -1118          1.8004;
    86    0.761           -1143          1.8004;
    87    0.770           -1168          1.8004;
    88    0.779           -1194          1.8004;
    89    0.788           -1219          1.8004;
    90    0.797           -1245          1.8004;
    91    0.806           -1271          1.8004;
    92    0.815           -1297          1.8004;
    93    0.823           -1324          1.8004;
    94    0.832           -1351          1.8004;
    95    0.841           -1378          1.8004;
    96    0.850           -1405          1.8004;
    97    0.859           -1433          1.8004;
    98    0.868           -1460          1.8004;
    99    0.877           -1488          1.8004;
   100    0.885           -1516          1.8004;
   101    0.894           -1545          1.8004;
   102    0.903           -1573          1.8004;
   103    0.912           -1602          1.8004;
   104    0.921           -1631          1.8004;
   105    0.930           -1661          1.8004;
   106    0.939           -1690          1.8004;
   107    0.947           -1720          1.8004;
   108    0.956           -1750          1.8004;
   109    0.965           -1780          1.8004;
   110    0.974           -1810          1.8004;
   111    0.983           -1841          1.8004;
   112    0.992           -1872          1.8004;
   113    1.001           -1903          1.8004;
   114    1.009           -1934          1.8004;
   115    1.018           -1965          1.8004;
   116    1.027           -1997          1.8004;
   117    1.036           -2029          1.8004;
   118    1.045           -2061          1.8004;
   119    1.054           -2093          1.8004;
   120    1.063           -2126          1.8004;
   121    1.071           -2159          1.8004;
   122    1.080           -2192          1.8004;
   123    1.089           -2225          1.8004;
   124    1.098           -2258          1.8004;
   125    1.107           -2292          1.8004;
   126    1.116           -2325          1.8004;
   127    1.124           -2360          1.8004;
   128    1.133           -2394          1.8004;
   129    1.142           -2428          1.8004;
   130    1.151           -2463          1.8004;
   131    1.160           -2498          1.8004;
   132    1.169           -2533          1.8004;
   133    1.178           -2569          1.8004;
   134    1.186           -2604          1.8004;
   135    1.195           -2640          1.8004;
   136    1.204           -2676          1.8004;
   137    1.213           -2712          1.8004;
   138    1.222           -2749          1.8004;
   139    1.231           -2785          1.8004;
   140    1.240           -2823          1.8004;
   141    1.248           -2860          1.8004;
   142    1.257           -2897          1.8004;
   143    1.266           -2935          1.8004;
   144    1.275           -2973          1.8004;
   145    1.284           -3011          1.8004;
   146    1.293           -3049          1.8004;
   147    1.302           -3088          1.8004;
   148    1.310           -3127          1.8004;
   149    1.319           -3166          1.8004;
   150    1.328           -3205          1.8004;
   151    1.337           -3245          1.8004;
   152    1.346           -3284          1.8004;
   153    1.355           -3324          1.8004;
   154    1.364           -3364          1.8004;
   155    1.372           -3404          1.8004;
   156    1.381           -3445          1.8004;
   157    1.390           -3485          1.8004;
   158    1.399           -3525          1.8004;
   159    1.408           -3566          1.8004;
   160    1.417           -3607          1.8004;
   161    1.426           -3648          1.8004;
   162    1.434           -3689          1.8004;
   163    1.443           -3731          1.8004;
   164    1.452           -3772          1.8004;
   165    1.461           -3814          1.8004;
   166    1.470           -3856          1.8004;
   167    1.479           -3898          1.8004;
   168    1.488           -3940          1.8004;
   169    1.496           -3982          1.8004;
   170    1.505           -4024          1.8004;
   171    1.514           -4066          1.8004;
   172    1.523           -4109          1.8004;
   173    1.532           -4151          1.8004;
   174    1.541           -4195          1.8004;
   175    1.549           -4238          1.8004;
   176    1.558           -4282          1.8004;
   177    1.567           -4326          1.8004;
   178    1.576           -4370          1.8004;
   179    1.585           -4414          1.8004;
   180    1.594           -4458          1.8004;
   181    1.603           -4503          1.8004;
   182    1.611           -4549          1.8004;
   183    1.620           -4594          1.8004;
   184    1.629           -4639          1.8004;
   185    1.638           -4684          1.8004;
   186    1.647           -4730          1.8004;
   187    1.656           -4776          1.8004;
   188    1.665           -4822          1.8004;
   189    1.673           -4869          1.8004;
   190    1.682           -4915          1.8004;
   191    1.691           -4962          1.8004;
   192    1.700           -5009          1.8004;
   193    1.709           -5056          1.8004;
   194    1.718           -5104          1.8004;
   195    1.727           -5152          1.8004;
   196    1.735           -5200          1.8004;
   197    1.744           -5248          1.8004;
   198    1.753           -5296          1.8004;
   199    1.762           -5345          1.8004;
   200    1.771           -5394          1.8004;
   201    1.780           -5443          1.8004;
   202    1.789           -5492          1.8004;
   203    1.797           -5541          1.8004;
   204    1.806           -5590          1.8004;
   205    1.815           -5640          1.8004;
   206    1.824           -5689          1.8004;
   207    1.833           -5739          1.8004;
   208    1.842           -5789          1.8004;
   209    1.851           -5840          1.8004;
   210    1.859           -5890          1.8004;
   211    1.868           -5941          1.8004;
   212    1.877           -5992          1.8004;
   213    1.886           -6043          1.8004;
   214    1.895           -6094          1.8004;
   215    1.904           -6146          1.8004;
   216    1.913           -6198          1.8004;
   217    1.921           -6250          1.8004;
   218    1.930           -6302          1.8004;
   219    1.939           -6355          1.8004;
   220    1.948           -6408          1.8004;
   221    1.957           -6461          1.8004;
   222    1.966           -6514          1.8004;
   223    1.974           -6567          1.8004;
   224    1.983           -6621          1.8004;
   225    1.992           -6675          1.8004;
   226    2.001           -6729          1.8004;
   227    2.010           -6783          1.8004;
   228    2.019           -6838          1.8004;
   229    2.028           -6892          1.8004;
   230    2.036           -6947          1.8004;
   231    2.045           -7002          1.8004;
   232    2.054           -7058          1.8004;
   233    2.063           -7113          1.8004;
   234    2.072           -7169          1.8004;
   235    2.081           -7225          1.8004;
   236    2.090           -7282          1.8004;
   237    2.098           -7338          1.8004;
   238    2.107           -7395          1.8004;
   239    2.116           -7452          1.8004;
   240    2.125           -7509          1.8004;
   241    2.134           -7567          1.8004;
   242    2.143           -7624          1.8004;
   243    2.152           -7682          1.8004;
   244    2.160           -7740          1.8004;
   245    2.169           -7799          1.8004;
   246    2.178           -7857          1.8004;
   247    2.187           -7916          1.8004;
   248    2.196           -7976          1.8004;
   249    2.205           -8035          1.8004;
   250    2.214           -8094          1.8004;
   251    2.222           -8154          1.8004;
   252    2.231           -8215          1.8004;
   253    2.240           -8275          1.8004;
   254    2.249           -8336          1.8004;
   255    2.258           -8397          1.8004;
   256    2.267           -8459          1.8004;
   257    2.276           -8521          1.8004;
   258    2.284           -8583          1.8004;
   259    2.293           -8645          1.8004;
   260    2.302           -8708          1.8004;
   261    2.311           -8771          1.8004;
   262    2.320           -8834          1.8004;
   263    2.329           -8898          1.8004;
   264    2.338           -8962          1.8004;
   265    2.346           -9026          1.8004;
   266    2.355           -9090          1.8004;
   267    2.364           -9156          1.8004;
   268    2.373           -9221          1.8004;
   269    2.382           -9287          1.8004;
   270    2.391           -9353          1.8004;
   271    2.399           -9418          1.8004;
   272    2.408           -9483          1.8004;
   273    2.417           -9549          1.8004;
   274    2.426           -9617          1.8004;
   275    2.435           -9684          1.8004;
   276    2.444           -9752          1.8004;
   277    2.453           -9821          1.8004;
   278    2.461           -9889          1.8004;
   279    2.470           -9958          1.8004;
   280    2.479          -10028          1.8004;
   281    2.488          -10097          1.8004;
   282    2.497          -10168          1.8004;
   283    2.506          -10238          1.8004;
   284    2.515          -10309          1.8004;
   285    2.523          -10380          1.8004;
   286    2.532          -10451          1.8004;
   287    2.541          -10523          1.8004;
   288    2.550          -10595          1.8004;
   289    2.559          -10668          1.8004;
   290    2.568          -10741          1.8004;
   291    2.577          -10814          1.8004;
   292    2.585          -10888          1.8004;
   293    2.594          -10962          1.8004;
   294    2.603          -11036          1.8004;
   295    2.612          -11111          1.8004;
   296    2.621          -11187          1.8004;
   297    2.630          -11263          1.8004;
   298    2.639          -11339          1.8004;
   299    2.647          -11415          1.8004;
   300    2.656          -11492          1.8004;
   301    2.665          -11569          1.8004;
   302    2.674          -11647          1.8004;
   303    2.683          -11725          1.8004;
   304    2.692          -11803          1.8004;
   305    2.701          -11882          1.8004;
   306    2.709          -11961          1.8004;
   307    2.718          -12040          1.8004;
   308    2.727          -12120          1.8004;
   309    2.736          -12200          1.8004;
   310    2.745          -12281          1.8004;
   311    2.754          -12361          1.8004;
   312    2.763          -12443          1.8004;
   313    2.771          -12525          1.8004;
   314    2.780          -12607          1.8004;
   315    2.789          -12690          1.8004;
   316    2.798          -12773          1.8004;
   317    2.807          -12856          1.8004;
   318    2.816          -12940          1.8004;
   319    2.824          -13024          1.8004;
   320    2.833          -13108          1.8004;
   321    2.842          -13193          1.8004;
   322    2.851          -13279          1.8004;
   323    2.860          -13364          1.8004;
   324    2.869          -13450          1.8004;
   325    2.878          -13537          1.8004;
   326    2.886          -13624          1.8004;
   327    2.895          -13711          1.8004;
   328    2.904          -13798          1.8004;
   329    2.913          -13886          1.8004;
   330    2.922          -13975          1.8004;
   331    2.931          -14063          1.8004;
   332    2.940          -14152          1.8004;
   333    2.948          -14241          1.8004;
   334    2.957          -14331          1.8004;
   335    2.966          -14421          1.8004;
   336    2.975          -14512          1.8004;
   337    2.984          -14602          1.8004;
   338    2.993          -14693          1.8004;
   339    3.002          -14785          1.8004;
   340    3.010          -14877          1.8004;
   341    3.019          -14969          1.8004;
   342    3.028          -15061          1.8004;
   343    3.037          -15154          1.8004;
   344    3.046          -15248          1.8004;
   345    3.055          -15341          1.8004;
   346    3.064          -15436          1.8004;
   347    3.072          -15530          1.8004;
   348    3.081          -15625          1.8004;
   349    3.090          -15720          1.8004;
   350    3.099          -15815          1.8004;
   351    3.108          -15911          1.8004;
   352    3.117          -16007          1.8004;
   353    3.126          -16103          1.8004;
   354    3.134          -16199          1.8004;
   355    3.143          -16296          1.8004;
   356    3.152          -16393          1.8004;
   357    3.161          -16490          1.8004;
   358    3.170          -16587          1.8004;
   359    3.179          -16685          1.8004;
   360    3.188          -16782          1.8004;
   361    3.196          -16880          1.8004;
   362    3.205          -16979          1.8004;
   363    3.214          -17077          1.8004;
   364    3.223          -17176          1.8004;
   365    3.232          -17275          1.8004;
   366    3.241          -17374          1.8004;
   367    3.249          -17473          1.8004;
   368    3.258          -17573          1.8004;
   369    3.267          -17673          1.8004;
   370    3.276          -17774          1.8004;
   371    3.285          -17875          1.8004;
   372    3.294          -17976          1.8004;
   373    3.303          -18076          1.8004;
   374    3.311          -18178          1.8004;
   375    3.320          -18279          1.8004;
   376    3.329          -18380          1.8004;
   377    3.338          -18482          1.8004;
   378    3.347          -18584          1.8004;
   379    3.356          -18686          1.8004;
   380    3.365          -18788          1.8004;
   381    3.373          -18890          1.8004;
   382    3.382          -18993          1.8004;
   383    3.391          -19095          1.8004;
   384    3.400          -19198          1.8004;
   385    3.409          -19301          1.8004;
   386    3.418          -19404          1.8004;
   387    3.427          -19506          1.8004;
   388    3.435          -19609          1.8004;
   389    3.444          -19713          1.8004;
   390    3.453          -19816          1.8004;
   391    3.462          -19920          1.8004;
   392    3.471          -20023          1.8004;
   393    3.480          -20126          1.8004;
   394    3.489          -20229          1.8004;
   395    3.497          -20332          1.8004;
   396    3.506          -20436          1.8004;
   397    3.515          -20541          1.8004;
   398    3.524          -20645          1.8004;
   399    3.533          -20750          1.8004;
   400    3.542          -20855          1.8004;
   401    3.551          -20960          1.8004;
   402    3.559          -21064          1.8004;
   403    3.568          -21169          1.8004;
   404    3.577          -21275          1.8004;
   405    3.586          -21381          1.8004;
   406    3.595          -21487          1.8004;
   407    3.604          -21593          1.8004;
   408    3.613          -21699          1.8004;
   409    3.621          -21805          1.8004;
   410    3.630          -21912          1.8004;
   411    3.639          -22019          1.8004;
   412    3.648          -22126          1.8004;
   413    3.657          -22234          1.8004;
   414    3.666          -22341          1.8004;
   415    3.674          -22448          1.8004;
   416    3.683          -22556          1.8004;
   417    3.692          -22664          1.8004;
   418    3.701          -22773          1.8004;
   419    3.710          -22881          1.8004;
   420    3.719          -22989          1.8004;
   421    3.728          -23098          1.8004;
   422    3.736          -23206          1.8004;
   423    3.745          -23316          1.8004;
   424    3.754          -23425          1.8004;
   425    3.763          -23534          1.8004;
   426    3.772          -23644          1.8004;
   427    3.781          -23754          1.8004;
   428    3.790          -23864          1.8004;
   429    3.798          -23974          1.8004;
   430    3.807          -24085          1.8004;
   431    3.816          -24196          1.8004;
   432    3.825          -24307          1.8004;
   433    3.834          -24419          1.8004;
   434    3.843          -24530          1.8004;
   435    3.852          -24642          1.8004;
   436    3.860          -24754          1.8004;
   437    3.869          -24866          1.8004;
   438    3.878          -24979          1.8004;
   439    3.887          -25092          1.8004;
   440    3.896          -25205          1.8004;
   441    3.905          -25319          1.8004;
   442    3.914          -25432          1.8004;
   443    3.922          -25544          1.8004;
   444    3.931          -25659          1.8004;
   445    3.940          -25774          1.8004;
   446    3.949          -25889          1.8004;
   447    3.958          -26005          1.8004;
   448    3.967          -26121          1.8004;
   449    3.976          -26237          1.8004;
   450    3.984          -26354          1.8004;
   451    3.993          -26471          1.8004;
   452    4.002          -26588          1.8004;
   453    4.011          -26706          0.0000;
   454    4.020          -26823          0.0000;
   455    4.029          -26941          0.0000;
   456    4.038          -27058          0.0000;
   457    4.046          -27174          0.0000;
   458    4.055          -27291          0.0000;
   459    4.064          -27407          0.0000;
   460    4.073          -27523          0.0000;
   461    4.082          -27639          0.0000;
   462    4.091          -27755          0.0000;
   463    4.099          -27870          0.0000;
   464    4.108          -27985          0.0000;
   465    4.117          -28100          0.0000;
   466    4.126          -28215          0.0000;
   467    4.135          -28330          0.0000;
   468    4.144          -28445          0.0000;
   469    4.153          -28559          0.0000;
   470    4.161          -28673          0.0000;
   471    4.170          -28787          0.0000;
   472    4.179          -28901          0.0000;
   473    4.188          -29014          0.0000;
   474    4.197          -29127          0.0000;
   475    4.206          -29240          0.0000;
   476    4.215          -29353          0.0000;
   477    4.223          -29465          0.0000;
   478    4.232          -29577          0.0000;
   479    4.241          -29689          0.0000;
   480    4.250          -29801          0.0000;
   481    4.259          -29913          0.0000;
   482    4.268          -30024          0.0000;
   483    4.277          -30135          0.0000;
   484    4.285          -30246          0.0000;
   485    4.294          -30357          0.0000;
   486    4.303          -30467          0.0000;
   487    4.312          -30577          0.0000;
   488    4.321          -30687          0.0000;
   489    4.330          -30797          0.0000;
   490    4.339          -30906          0.0000;
   491    4.347          -31015          0.0000;
   492    4.356          -31124          0.0000;
   493    4.365          -31232          0.0000;
   494    4.374          -31341          0.0000;
   495    4.383          -31449          0.0000;
   496    4.392          -31556          0.0000;
   497    4.401          -31664          0.0000;
   498    4.409          -31771          0.0000;
   499    4.418          -31878          0.0000;
   500    4.427          -31984          0.0000;
   501    4.436          -32090          0.0000;
   502    4.445          -32196          0.0000;
   503    4.454          -32301          0.0000;
   504    4.463          -32406          0.0000;
   505    4.471          -32511          0.0000;
   506    4.480          -32616          0.0000;
   507    4.489          -32720          0.0000;
   508    4.498          -32823          0.0000;
   509    4.507          -32927          0.0000;
   510    4.516          -33029          0.0000;
   511    4.524          -33132          0.0000;
   512    4.533          -33234          0.0000;
   513    4.542          -33336          0.0000;
   514    4.551          -33437          0.0000;
   515    4.560          -33539          0.0000;
   516    4.569          -33639          0.0000;
   517    4.578          -33740          0.0000;
   518    4.586          -33840          0.0000;
   519    4.595          -33940          0.0000;
   520    4.604          -34039          0.0000;
   521    4.613          -34138          0.0000;
   522    4.622          -34237          0.0000;
   523    4.631          -34336          0.0000;
   524    4.640          -34433          0.0000;
   525    4.648          -34531          0.0000;
   526    4.657          -34628          0.0000;
   527    4.666          -34725          0.0000;
   528    4.675          -34821          0.0000;
   529    4.684          -34917          0.0000;
   530    4.693          -35012          0.0000;
   531    4.702          -35107          0.0000;
   532    4.710          -35201          0.0000;
   533    4.719          -35295          0.0000;
   534    4.728          -35389          0.0000;
   535    4.737          -35482          0.0000;
   536    4.746          -35574          0.0000;
   537    4.755          -35666          0.0000;
   538    4.764          -35758          0.0000;
   539    4.772          -35849          0.0000;
   540    4.781          -35939          0.0000;
   541    4.790          -36029          0.0000;
   542    4.799          -36119          0.0000;
   543    4.808          -36207          0.0000;
   544    4.817          -36295          0.0000;
   545    4.826          -36384          0.0000;
   546    4.834          -36472          0.0000;
   547    4.843          -36561          0.0000;
   548    4.852          -36649          0.0000;
   549    4.861          -36736          0.0000;
   550    4.870          -36822          0.0000;
   551    4.879          -36908          0.0000;
   552    4.888          -36993          0.0000;
   553    4.896          -37079          0.0000;
   554    4.905          -37164          0.0000;
   555    4.914          -37249          0.0000;
   556    4.923          -37333          0.0000;
   557    4.932          -37416          0.0000;
   558    4.941          -37500          0.0000;
   559    4.949          -37583          0.0000;
   560    4.958          -37665          0.0000;
   561    4.967          -37748          0.0000;
   562    4.976          -37829          0.0000;
   563    4.985          -37910          0.0000;
   564    4.994          -37991          0.0000;
   565    5.003          -38072          0.0000;
   566    5.011          -38152          0.0000;
   567    5.020          -38232          0.0000;
   568    5.029          -38311          0.0000;
   569    5.038          -38390          0.0000;
   570    5.047          -38468          0.0000;
   571    5.056          -38546          0.0000;
   572    5.065          -38624          0.0000;
   573    5.073          -38702          0.0000;
   574    5.082          -38779          0.0000;
   575    5.091          -38855          0.0000;
   576    5.100          -38931          0.0000;
   577    5.109          -39007          0.0000;
   578    5.118          -39082          0.0000;
   579    5.127          -39157          0.0000;
   580    5.135          -39231          0.0000;
   581    5.144          -39305          0.0000;
   582    5.153          -39379          0.0000;
   583    5.162          -39452          0.0000;
   584    5.171          -39525          0.0000;
   585    5.180          -39598          0.0000;
   586    5.189          -39670          0.0000;
   587    5.197          -39742          0.0000;
   588    5.206          -39813          0.0000;
   589    5.215          -39884          0.0000;
   590    5.224          -39955          0.0000;
   591    5.233          -40026          0.0000;
   592    5.242          -40096          0.0000;
   593    5.251          -40166          0.0000;
   594    5.259          -40236          0.0000;
   595    5.268          -40306          0.0000;
   596    5.277          -40375          0.0000;
   597    5.286          -40444          0.0000;
   598    5.295          -40512          0.0000;
   599    5.304          -40581          0.0000;
   600    5.313          -40648          0.0000;
   601    5.321          -40716          0.0000;
   602    5.330          -40783          0.0000;
   603    5.339          -40850          0.0000;
   604    5.348          -40917          0.0000;
   605    5.357          -40983          0.0000;
   606    5.366          -41049          0.0000;
   607    5.374          -41115          0.0000;
   608    5.383          -41180          0.0000;
   609    5.392          -41245          0.0000;
   610    5.401          -41310          0.0000;
   611    5.410          -41375          0.0000;
   612    5.419          -41439          0.0000;
   613    5.428          -41501          0.0000;
   614    5.436          -41564          0.0000;
   615    5.445          -41627          0.0000;
   616    5.454          -41691          0.0000;
   617    5.463          -41754          0.0000;
   618    5.472          -41817          0.0000;
   619    5.481          -41879          0.0000;
   620    5.490          -41942          0.0000;
   621    5.498          -42004          0.0000;
   622    5.507          -42066          0.0000;
   623    5.516          -42128          0.0000;
   624    5.525          -42189          0.0000;
   625    5.534          -42250          0.0000;
   626    5.543          -42311          0.0000;
   627    5.552          -42371          0.0000;
   628    5.560          -42431          0.0000;
   629    5.569          -42491          0.0000;
   630    5.578          -42551          0.0000;
   631    5.587          -42611          0.0000;
   632    5.596          -42670          0.0000;
   633    5.605          -42729          0.0000;
   634    5.614          -42788          0.0000;
   635    5.622          -42846          0.0000;
   636    5.631          -42905          0.0000;
   637    5.640          -42963          0.0000;
   638    5.649          -43021          0.0000;
   639    5.658          -43078          0.0000;
   640    5.667          -43136          0.0000;
   641    5.676          -43193          0.0000;
   642    5.684          -43250          0.0000;
   643    5.693          -43306          0.0000;
   644    5.702          -43363          0.0000;
   645    5.711          -43419          0.0000;
   646    5.720          -43475          0.0000;
   647    5.729          -43531          0.0000;
   648    5.738          -43586          0.0000;
   649    5.746          -43642          0.0000;
   650    5.755          -43697          0.0000;
   651    5.764          -43752          0.0000;
   652    5.773          -43807          0.0000;
   653    5.782          -43861          0.0000;
   654    5.791          -43915          0.0000;
   655    5.799          -43969          0.0000;
   656    5.808          -44023          0.0000;
   657    5.817          -44077          0.0000;
   658    5.826          -44130          0.0000;
   659    5.835          -44183          0.0000;
   660    5.844          -44236          0.0000;
   661    5.853          -44289          0.0000;
   662    5.861          -44341          0.0000;
   663    5.870          -44393          0.0000;
   664    5.879          -44445          0.0000;
   665    5.888          -44497          0.0000;
   666    5.897          -44549          0.0000;
   667    5.906          -44600          0.0000;
   668    5.915          -44651          0.0000;
   669    5.923          -44703          0.0000;
   670    5.932          -44753          0.0000;
   671    5.941          -44804          0.0000;
   672    5.950          -44854          0.0000;
   673    5.959          -44905          0.0000;
   674    5.968          -44955          0.0000;
   675    5.977          -45005          0.0000;
   676    5.985          -45055          0.0000;
   677    5.994          -45104          0.0000;
   678    6.003          -45154          0.0000;
   679    6.012          -45203          0.0000;
   680    6.021          -45252          0.0000;
   681    6.030          -45301          0.0000;
   682    6.039          -45350          0.0000;
   683    6.047          -45398          0.0000;
   684    6.056          -45447          0.0000;
   685    6.065          -45495          0.0000;
   686    6.074          -45543          0.0000;
   687    6.083          -45590          0.0000;
   688    6.092          -45638          0.0000;
   689    6.101          -45685          0.0000;
   690    6.109          -45732          0.0000;
   691    6.118          -45779          0.0000;
   692    6.127          -45826          0.0000;
   693    6.136          -45872          0.0000;
   694    6.145          -45918          0.0000;
   695    6.154          -45964          0.0000;
   696    6.163          -46010          0.0000;
   697    6.171          -46055          0.0000;
   698    6.180          -46100          0.0000;
   699    6.189          -46145          0.0000;
   700    6.198          -46190          0.0000;
   701    6.207          -46235          0.0000;
   702    6.216          -46279          0.0000;
   703    6.224          -46323          0.0000;
   704    6.233          -46367          0.0000;
   705    6.242          -46410          0.0000;
   706    6.251          -46454          0.0000;
   707    6.260          -46497          0.0000;
   708    6.269          -46540          0.0000;
   709    6.278          -46583          0.0000;
   710    6.286          -46625          0.0000;
   711    6.295          -46667          0.0000;
   712    6.304          -46709          0.0000;
   713    6.313          -46752          0.0000;
   714    6.322          -46793          0.0000;
   715    6.331          -46835          0.0000;
   716    6.340          -46876          0.0000;
   717    6.348          -46917          0.0000;
   718    6.357          -46958          0.0000;
   719    6.366          -46999          0.0000;
   720    6.375          -47039          0.0000;
   721    6.384          -47079          0.0000;
   722    6.393          -47118          0.0000;
   723    6.402          -47157          0.0000;
   724    6.410          -47196          0.0000;
   725    6.419          -47235          0.0000;
   726    6.428          -47273          0.0000;
   727    6.437          -47312          0.0000;
   728    6.446          -47349          0.0000;
   729    6.455          -47387          0.0000;
   730    6.464          -47424          0.0000;
   731    6.472          -47461          0.0000;
   732    6.481          -47498          0.0000;
   733    6.490          -47535          0.0000;
   734    6.499          -47571          0.0000;
   735    6.508          -47607          0.0000;
   736    6.517          -47642          0.0000;
   737    6.526          -47678          0.0000;
   738    6.534          -47713          0.0000;
   739    6.543          -47748          0.0000;
   740    6.552          -47782          0.0000;
   741    6.561          -47817          0.0000;
   742    6.570          -47851          0.0000;
   743    6.579          -47885          0.0000;
   744    6.588          -47918          0.0000;
   745    6.596          -47951          0.0000;
   746    6.605          -47984          0.0000;
   747    6.614          -48017          0.0000;
   748    6.623          -48049          0.0000;
   749    6.632          -48081          0.0000;
   750    6.641          -48113          0.0000;
   751    6.649          -48144          0.0000;
   752    6.658          -48175          0.0000;
   753    6.667          -48206          0.0000;
   754    6.676          -48237          0.0000;
   755    6.685          -48267          0.0000;
   756    6.694          -48297          0.0000;
   757    6.703          -48326          0.0000;
   758    6.711          -48356          0.0000;
   759    6.720          -48385          0.0000;
   760    6.729          -48413          0.0000;
   761    6.738          -48441          0.0000;
   762    6.747          -48469          0.0000;
   763    6.756          -48497          0.0000;
   764    6.765          -48524          0.0000;
   765    6.773          -48551          0.0000;
   766    6.782          -48577          0.0000;
   767    6.791          -48604          0.0000;
   768    6.800          -48629          0.0000;
   769    6.809          -48655          0.0000;
   770    6.818          -48680          0.0000;
   771    6.827          -48705          0.0000;
   772    6.835          -48729          0.0000;
   773    6.844          -48753          0.0000;
   774    6.853          -48777          0.0000;
   775    6.862          -48801          0.0000;
   776    6.871          -48824          0.0000;
   777    6.880          -48847          0.0000;
   778    6.889          -48869          0.0000;
   779    6.897          -48891          0.0000;
   780    6.906          -48913          0.0000;
   781    6.915          -48934          0.0000;
   782    6.924          -48956          0.0000;
   783    6.933          -48976          0.0000;
   784    6.942          -48997          0.0000;
   785    6.951          -49017          0.0000;
   786    6.959          -49037          0.0000;
   787    6.968          -49056          0.0000;
   788    6.977          -49075          0.0000;
   789    6.986          -49094          0.0000;
   790    6.995          -49112          0.0000;
   791    7.004          -49131          0.0000;
   792    7.013          -49148          0.0000;
   793    7.021          -49166          0.0000;
   794    7.030          -49183          0.0000;
   795    7.039          -49200          0.0000;
   796    7.048          -49216          0.0000;
   797    7.057          -49232          0.0000;
   798    7.066          -49248          0.0000;
   799    7.074          -49263          0.0000;
   800    7.083          -49278          0.0000;
   801    7.092          -49293          0.0000;
   802    7.101          -49307          0.0000;
   803    7.110          -49321          0.0000;
   804    7.119          -49335          0.0000;
   805    7.128          -49349          0.0000;
   806    7.136          -49362          0.0000;
   807    7.145          -49375          0.0000;
   808    7.154          -49387          0.0000;
   809    7.163          -49399          0.0000;
   810    7.172          -49411          0.0000;
   811    7.181          -49422          0.0000;
   812    7.190          -49433          0.0000;
   813    7.198          -49444          0.0000;
   814    7.207          -49454          0.0000;
   815    7.216          -49464          0.0000;
   816    7.225          -49473          0.0000;
   817    7.234          -49482          0.0000;
   818    7.243          -49491          0.0000;
   819    7.252          -49499          0.0000;
   820    7.260          -49507          0.0000;
   821    7.269          -49514          0.0000;
   822    7.278          -49521          0.0000;
   823    7.287          -49528          0.0000;
   824    7.296          -49534          0.0000;
   825    7.305          -49540          0.0000;
   826    7.314          -49545          0.0000;
   827    7.322          -49550          0.0000;
   828    7.331          -49555          0.0000;
   829    7.340          -49559          0.0000;
   830    7.349          -49563          0.0000;
   831    7.358          -49566          0.0000;
   832    7.367          -49569          0.0000;
   833    7.376          -49572          0.0000;
   834    7.384          -49574          0.0000;
   835    7.393          -49576          0.0000;
   836    7.402          -49577          0.0000;
   837    7.411          -49578          0.0000;
   838    7.420          -49579          0.0000;
   839    7.429          -49579          0.0000;
   840    7.438          -49579          0.0000;
   841    7.446          -49579          0.0000;
   842    7.455          -49579          0.0000;
   843    7.464          -49578          0.0000;
   844    7.473          -49576          0.0000;
   845    7.482          -49574          0.0000;
   846    7.491          -49571          0.0000;
   847    7.499          -49569          0.0000;
   848    7.508          -49566          0.0000;
   849    7.517          -49562          0.0000;
   850    7.526          -49559          0.0000;
   851    7.535          -49555          0.0000;
   852    7.544          -49551          0.0000;
   853    7.553          -49546          0.0000;
   854    7.561          -49541          0.0000;
   855    7.570          -49536          0.0000;
   856    7.579          -49531          0.0000;
   857    7.588          -49525          0.0000;
   858    7.597          -49519          0.0000;
   859    7.606          -49513          0.0000;
   860    7.615          -49507          0.0000;
   861    7.623          -49500          0.0000;
   862    7.632          -49493          0.0000;
   863    7.641          -49486          0.0000;
   864    7.650          -49478          0.0000;
   865    7.659          -49471          0.0000;
   866    7.668          -49463          0.0000;
   867    7.677          -49455          0.0000;
   868    7.685          -49446          0.0000;
   869    7.694          -49438          0.0000;
   870    7.703          -49429          0.0000;
   871    7.712          -49419          0.0000;
   872    7.721          -49410          0.0000;
   873    7.730          -49400          0.0000;
   874    7.739          -49390          0.0000;
   875    7.747          -49380          0.0000;
   876    7.756          -49370          0.0000;
   877    7.765          -49359          0.0000;
   878    7.774          -49348          0.0000;
   879    7.783          -49337          0.0000;
   880    7.792          -49325          0.0000;
   881    7.801          -49313          0.0000;
   882    7.809          -49301          0.0000;
   883    7.818          -49289          0.0000;
   884    7.827          -49276          0.0000;
   885    7.836          -49263          0.0000;
   886    7.845          -49250          0.0000;
   887    7.854          -49236          0.0000;
   888    7.863          -49222          0.0000;
   889    7.871          -49208          0.0000;
   890    7.880          -49193          0.0000;
   891    7.889          -49178          0.0000;
   892    7.898          -49162          0.0000;
   893    7.907          -49147          0.0000;
   894    7.916          -49131          0.0000;
   895    7.924          -49114          0.0000;
   896    7.933          -49098          0.0000;
   897    7.942          -49081          0.0000;
   898    7.951          -49064          0.0000;
   899    7.960          -49046          0.0000;
   900    7.969          -49029          0.0000;
   901    7.978          -49010          0.0000;
   902    7.986          -48992          0.0000]
