 Sample   Time     Encoder 3 Pos   Control Effort 1

[    0    0.000               0          0.0000;
     1    0.009               0          1.7005;
     2    0.018              -0          1.7005;
     3    0.027              -1          1.7005;
     4    0.035              -3          1.7005;
     5    0.044              -4          1.7005;
     6    0.053              -7          1.7005;
     7    0.062              -9          1.7005;
     8    0.071             -12          1.7005;
     9    0.080             -15          1.7005;
    10    0.089             -19          1.7005;
    11    0.097             -22          1.7005;
    12    0.106             -26          1.7005;
    13    0.115             -31          1.7005;
    14    0.124             -35          1.7005;
    15    0.133             -40          1.7005;
    16    0.142             -45          1.7005;
    17    0.151             -51          1.7005;
    18    0.159             -57          1.7005;
    19    0.168             -63          1.7005;
    20    0.177             -69          1.7005;
    21    0.186             -76          1.7005;
    22    0.195             -83          1.7005;
    23    0.204             -90          1.7005;
    24    0.213             -97          1.7005;
    25    0.221            -105          1.7005;
    26    0.230            -113          1.7005;
    27    0.239            -121          1.7005;
    28    0.248            -129          1.7005;
    29    0.257            -138          1.7005;
    30    0.266            -147          1.7005;
    31    0.274            -156          1.7005;
    32    0.283            -165          1.7005;
    33    0.292            -175          1.7005;
    34    0.301            -184          1.7005;
    35    0.310            -195          1.7005;
    36    0.319            -205          1.7005;
    37    0.328            -216          1.7005;
    38    0.336            -226          1.7005;
    39    0.345            -237          1.7005;
    40    0.354            -248          1.7005;
    41    0.363            -260          1.7005;
    42    0.372            -272          1.7005;
    43    0.381            -284          1.7005;
    44    0.390            -296          1.7005;
    45    0.398            -308          1.7005;
    46    0.407            -321          1.7005;
    47    0.416            -333          1.7005;
    48    0.425            -347          1.7005;
    49    0.434            -360          1.7005;
    50    0.443            -373          1.7005;
    51    0.452            -387          1.7005;
    52    0.460            -401          1.7005;
    53    0.469            -415          1.7005;
    54    0.478            -430          1.7005;
    55    0.487            -444          1.7005;
    56    0.496            -459          1.7005;
    57    0.505            -474          1.7005;
    58    0.514            -489          1.7005;
    59    0.522            -505          1.7005;
    60    0.531            -521          1.7005;
    61    0.540            -536          1.7005;
    62    0.549            -553          1.7005;
    63    0.558            -569          1.7005;
    64    0.567            -585          1.7005;
    65    0.576            -602          1.7005;
    66    0.584            -619          1.7005;
    67    0.593            -636          1.7005;
    68    0.602            -653          1.7005;
    69    0.611            -671          1.7005;
    70    0.620            -689          1.7005;
    71    0.629            -707          1.7005;
    72    0.638            -725          1.7005;
    73    0.646            -743          1.7005;
    74    0.655            -761          1.7005;
    75    0.664            -780          1.7005;
    76    0.673            -799          1.7005;
    77    0.682            -818          1.7005;
    78    0.691            -838          1.7005;
    79    0.699            -857          1.7005;
    80    0.708            -877          1.7005;
    81    0.717            -897          1.7005;
    82    0.726            -917          1.7005;
    83    0.735            -937          1.7005;
    84    0.744            -958          1.7005;
    85    0.753            -978          1.7005;
    86    0.761            -999          1.7005;
    87    0.770           -1020          1.7005;
    88    0.779           -1042          1.7005;
    89    0.788           -1063          1.7005;
    90    0.797           -1085          1.7005;
    91    0.806           -1107          1.7005;
    92    0.815           -1129          1.7005;
    93    0.823           -1151          1.7005;
    94    0.832           -1173          1.7005;
    95    0.841           -1196          1.7005;
    96    0.850           -1219          1.7005;
    97    0.859           -1241          1.7005;
    98    0.868           -1265          1.7005;
    99    0.877           -1288          1.7005;
   100    0.885           -1312          1.7005;
   101    0.894           -1336          1.7005;
   102    0.903           -1360          1.7005;
   103    0.912           -1384          1.7005;
   104    0.921           -1408          1.7005;
   105    0.930           -1433          1.7005;
   106    0.939           -1458          1.7005;
   107    0.947           -1483          1.7005;
   108    0.956           -1508          1.7005;
   109    0.965           -1534          1.7005;
   110    0.974           -1560          1.7005;
   111    0.983           -1585          1.7005;
   112    0.992           -1612          1.7005;
   113    1.001           -1638          1.7005;
   114    1.009           -1665          1.7005;
   115    1.018           -1692          1.7005;
   116    1.027           -1719          1.7005;
   117    1.036           -1746          1.7005;
   118    1.045           -1773          1.7005;
   119    1.054           -1801          1.7005;
   120    1.063           -1829          1.7005;
   121    1.071           -1857          1.7005;
   122    1.080           -1886          1.7005;
   123    1.089           -1915          1.7005;
   124    1.098           -1943          1.7005;
   125    1.107           -1972          1.7005;
   126    1.116           -2001          1.7005;
   127    1.124           -2031          1.7005;
   128    1.133           -2060          1.7005;
   129    1.142           -2090          1.7005;
   130    1.151           -2120          1.7005;
   131    1.160           -2150          1.7005;
   132    1.169           -2181          1.7005;
   133    1.178           -2211          1.7005;
   134    1.186           -2242          1.7005;
   135    1.195           -2273          1.7005;
   136    1.204           -2304          1.7005;
   137    1.213           -2335          1.7005;
   138    1.222           -2366          1.7005;
   139    1.231           -2398          1.7005;
   140    1.240           -2430          1.7005;
   141    1.248           -2462          1.7005;
   142    1.257           -2494          1.7005;
   143    1.266           -2527          1.7005;
   144    1.275           -2560          1.7005;
   145    1.284           -2592          1.7005;
   146    1.293           -2625          1.7005;
   147    1.302           -2659          1.7005;
   148    1.310           -2692          1.7005;
   149    1.319           -2726          1.7005;
   150    1.328           -2760          1.7005;
   151    1.337           -2794          1.7005;
   152    1.346           -2828          1.7005;
   153    1.355           -2863          1.7005;
   154    1.364           -2898          1.7005;
   155    1.372           -2932          1.7005;
   156    1.381           -2967          1.7005;
   157    1.390           -3003          1.7005;
   158    1.399           -3038          1.7005;
   159    1.408           -3073          1.7005;
   160    1.417           -3109          1.7005;
   161    1.426           -3145          1.7005;
   162    1.434           -3180          1.7005;
   163    1.443           -3216          1.7005;
   164    1.452           -3253          1.7005;
   165    1.461           -3289          1.7005;
   166    1.470           -3325          1.7005;
   167    1.479           -3361          1.7005;
   168    1.488           -3398          1.7005;
   169    1.496           -3435          1.7005;
   170    1.505           -3472          1.7005;
   171    1.514           -3508          1.7005;
   172    1.523           -3545          1.7005;
   173    1.532           -3583          1.7005;
   174    1.541           -3620          1.7005;
   175    1.549           -3657          1.7005;
   176    1.558           -3695          1.7005;
   177    1.567           -3733          1.7005;
   178    1.576           -3771          1.7005;
   179    1.585           -3809          1.7005;
   180    1.594           -3847          1.7005;
   181    1.603           -3885          1.7005;
   182    1.611           -3923          1.7005;
   183    1.620           -3962          1.7005;
   184    1.629           -4000          1.7005;
   185    1.638           -4039          1.7005;
   186    1.647           -4077          1.7005;
   187    1.656           -4116          1.7005;
   188    1.665           -4154          1.7005;
   189    1.673           -4194          1.7005;
   190    1.682           -4233          1.7005;
   191    1.691           -4274          1.7005;
   192    1.700           -4314          1.7005;
   193    1.709           -4354          1.7005;
   194    1.718           -4394          1.7005;
   195    1.727           -4435          1.7005;
   196    1.735           -4476          1.7005;
   197    1.744           -4517          1.7005;
   198    1.753           -4559          1.7005;
   199    1.762           -4600          1.7005;
   200    1.771           -4642          1.7005;
   201    1.780           -4684          1.7005;
   202    1.789           -4726          1.7005;
   203    1.797           -4768          1.7005;
   204    1.806           -4811          1.7005;
   205    1.815           -4853          1.7005;
   206    1.824           -4896          1.7005;
   207    1.833           -4939          1.7005;
   208    1.842           -4981          1.7005;
   209    1.851           -5024          1.7005;
   210    1.859           -5068          1.7005;
   211    1.868           -5111          1.7005;
   212    1.877           -5154          1.7005;
   213    1.886           -5197          1.7005;
   214    1.895           -5241          1.7005;
   215    1.904           -5285          1.7005;
   216    1.913           -5329          1.7005;
   217    1.921           -5373          1.7005;
   218    1.930           -5417          1.7005;
   219    1.939           -5462          1.7005;
   220    1.948           -5506          1.7005;
   221    1.957           -5551          1.7005;
   222    1.966           -5596          1.7005;
   223    1.974           -5641          1.7005;
   224    1.983           -5687          1.7005;
   225    1.992           -5732          1.7005;
   226    2.001           -5778          1.7005;
   227    2.010           -5824          1.7005;
   228    2.019           -5871          1.7005;
   229    2.028           -5917          1.7005;
   230    2.036           -5964          1.7005;
   231    2.045           -6011          1.7005;
   232    2.054           -6058          1.7005;
   233    2.063           -6105          1.7005;
   234    2.072           -6153          1.7005;
   235    2.081           -6201          1.7005;
   236    2.090           -6249          1.7005;
   237    2.098           -6297          1.7005;
   238    2.107           -6345          1.7005;
   239    2.116           -6394          1.7005;
   240    2.125           -6442          1.7005;
   241    2.134           -6491          1.7005;
   242    2.143           -6540          1.7005;
   243    2.152           -6589          1.7005;
   244    2.160           -6638          1.7005;
   245    2.169           -6687          1.7005;
   246    2.178           -6736          1.7005;
   247    2.187           -6786          1.7005;
   248    2.196           -6835          1.7005;
   249    2.205           -6885          1.7005;
   250    2.214           -6935          1.7005;
   251    2.222           -6985          1.7005;
   252    2.231           -7036          1.7005;
   253    2.240           -7086          1.7005;
   254    2.249           -7137          1.7005;
   255    2.258           -7188          1.7005;
   256    2.267           -7239          1.7005;
   257    2.276           -7290          1.7005;
   258    2.284           -7342          1.7005;
   259    2.293           -7393          1.7005;
   260    2.302           -7445          1.7005;
   261    2.311           -7498          1.7005;
   262    2.320           -7550          1.7005;
   263    2.329           -7603          1.7005;
   264    2.338           -7656          1.7005;
   265    2.346           -7709          1.7005;
   266    2.355           -7762          1.7005;
   267    2.364           -7816          1.7005;
   268    2.373           -7869          1.7005;
   269    2.382           -7924          1.7005;
   270    2.391           -7978          1.7005;
   271    2.399           -8033          1.7005;
   272    2.408           -8087          1.7005;
   273    2.417           -8143          1.7005;
   274    2.426           -8198          1.7005;
   275    2.435           -8254          1.7005;
   276    2.444           -8309          1.7005;
   277    2.453           -8366          1.7005;
   278    2.461           -8422          1.7005;
   279    2.470           -8479          1.7005;
   280    2.479           -8536          1.7005;
   281    2.488           -8594          1.7005;
   282    2.497           -8651          1.7005;
   283    2.506           -8709          1.7005;
   284    2.515           -8768          1.7005;
   285    2.523           -8826          1.7005;
   286    2.532           -8885          1.7005;
   287    2.541           -8944          1.7005;
   288    2.550           -9004          1.7005;
   289    2.559           -9063          1.7005;
   290    2.568           -9123          1.7005;
   291    2.577           -9183          1.7005;
   292    2.585           -9244          1.7005;
   293    2.594           -9304          1.7005;
   294    2.603           -9365          1.7005;
   295    2.612           -9426          1.7005;
   296    2.621           -9487          1.7005;
   297    2.630           -9547          1.7005;
   298    2.639           -9609          1.7005;
   299    2.647           -9671          1.7005;
   300    2.656           -9734          1.7005;
   301    2.665           -9797          1.7005;
   302    2.674           -9861          1.7005;
   303    2.683           -9925          1.7005;
   304    2.692           -9989          1.7005;
   305    2.701          -10053          1.7005;
   306    2.709          -10118          1.7005;
   307    2.718          -10183          1.7005;
   308    2.727          -10249          1.7005;
   309    2.736          -10314          1.7005;
   310    2.745          -10381          1.7005;
   311    2.754          -10447          1.7005;
   312    2.763          -10514          1.7005;
   313    2.771          -10581          1.7005;
   314    2.780          -10649          1.7005;
   315    2.789          -10717          1.7005;
   316    2.798          -10785          1.7005;
   317    2.807          -10853          1.7005;
   318    2.816          -10922          1.7005;
   319    2.824          -10990          1.7005;
   320    2.833          -11060          1.7005;
   321    2.842          -11129          1.7005;
   322    2.851          -11199          1.7005;
   323    2.860          -11269          1.7005;
   324    2.869          -11340          1.7005;
   325    2.878          -11411          1.7005;
   326    2.886          -11482          1.7005;
   327    2.895          -11554          1.7005;
   328    2.904          -11626          1.7005;
   329    2.913          -11698          1.7005;
   330    2.922          -11771          1.7005;
   331    2.931          -11844          1.7005;
   332    2.940          -11918          1.7005;
   333    2.948          -11992          1.7005;
   334    2.957          -12067          1.7005;
   335    2.966          -12141          1.7005;
   336    2.975          -12216          1.7005;
   337    2.984          -12292          1.7005;
   338    2.993          -12368          1.7005;
   339    3.002          -12444          1.7005;
   340    3.010          -12521          1.7005;
   341    3.019          -12597          1.7005;
   342    3.028          -12675          1.7005;
   343    3.037          -12752          1.7005;
   344    3.046          -12830          1.7005;
   345    3.055          -12908          1.7005;
   346    3.064          -12987          1.7005;
   347    3.072          -13066          1.7005;
   348    3.081          -13145          1.7005;
   349    3.090          -13225          1.7005;
   350    3.099          -13305          1.7005;
   351    3.108          -13385          1.7005;
   352    3.117          -13466          1.7005;
   353    3.126          -13547          1.7005;
   354    3.134          -13629          1.7005;
   355    3.143          -13711          1.7005;
   356    3.152          -13793          1.7005;
   357    3.161          -13876          1.7005;
   358    3.170          -13958          1.7005;
   359    3.179          -14042          1.7005;
   360    3.188          -14126          1.7005;
   361    3.196          -14210          1.7005;
   362    3.205          -14294          1.7005;
   363    3.214          -14379          1.7005;
   364    3.223          -14465          1.7005;
   365    3.232          -14550          1.7005;
   366    3.241          -14636          1.7005;
   367    3.249          -14723          1.7005;
   368    3.258          -14810          1.7005;
   369    3.267          -14897          1.7005;
   370    3.276          -14984          1.7005;
   371    3.285          -15072          1.7005;
   372    3.294          -15160          1.7005;
   373    3.303          -15248          1.7005;
   374    3.311          -15336          1.7005;
   375    3.320          -15425          1.7005;
   376    3.329          -15514          1.7005;
   377    3.338          -15604          1.7005;
   378    3.347          -15693          1.7005;
   379    3.356          -15783          1.7005;
   380    3.365          -15873          1.7005;
   381    3.373          -15964          1.7005;
   382    3.382          -16054          1.7005;
   383    3.391          -16145          1.7005;
   384    3.400          -16236          1.7005;
   385    3.409          -16327          1.7005;
   386    3.418          -16419          1.7005;
   387    3.427          -16511          1.7005;
   388    3.435          -16603          1.7005;
   389    3.444          -16695          1.7005;
   390    3.453          -16788          1.7005;
   391    3.462          -16881          1.7005;
   392    3.471          -16973          1.7005;
   393    3.480          -17067          1.7005;
   394    3.489          -17160          1.7005;
   395    3.497          -17253          1.7005;
   396    3.506          -17347          1.7005;
   397    3.515          -17440          1.7005;
   398    3.524          -17534          1.7005;
   399    3.533          -17629          1.7005;
   400    3.542          -17723          1.7005;
   401    3.551          -17818          1.7005;
   402    3.559          -17913          1.7005;
   403    3.568          -18008          1.7005;
   404    3.577          -18104          1.7005;
   405    3.586          -18200          1.7005;
   406    3.595          -18296          1.7005;
   407    3.604          -18392          1.7005;
   408    3.613          -18488          1.7005;
   409    3.621          -18584          1.7005;
   410    3.630          -18681          1.7005;
   411    3.639          -18777          1.7005;
   412    3.648          -18874          1.7005;
   413    3.657          -18971          1.7005;
   414    3.666          -19068          1.7005;
   415    3.674          -19164          1.7005;
   416    3.683          -19261          1.7005;
   417    3.692          -19358          1.7005;
   418    3.701          -19456          1.7005;
   419    3.710          -19553          1.7005;
   420    3.719          -19650          1.7005;
   421    3.728          -19748          1.7005;
   422    3.736          -19845          1.7005;
   423    3.745          -19943          1.7005;
   424    3.754          -20041          1.7005;
   425    3.763          -20138          1.7005;
   426    3.772          -20236          1.7005;
   427    3.781          -20333          1.7005;
   428    3.790          -20431          1.7005;
   429    3.798          -20530          1.7005;
   430    3.807          -20629          1.7005;
   431    3.816          -20729          1.7005;
   432    3.825          -20828          1.7005;
   433    3.834          -20927          1.7005;
   434    3.843          -21026          1.7005;
   435    3.852          -21126          1.7005;
   436    3.860          -21226          1.7005;
   437    3.869          -21327          1.7005;
   438    3.878          -21427          1.7005;
   439    3.887          -21527          1.7005;
   440    3.896          -21627          1.7005;
   441    3.905          -21727          1.7005;
   442    3.914          -21828          1.7005;
   443    3.922          -21929          1.7005;
   444    3.931          -22030          1.7005;
   445    3.940          -22131          1.7005;
   446    3.949          -22232          1.7005;
   447    3.958          -22334          1.7005;
   448    3.967          -22435          1.7005;
   449    3.976          -22537          1.7005;
   450    3.984          -22639          1.7005;
   451    3.993          -22741          1.7005;
   452    4.002          -22844          1.7005;
   453    4.011          -22946          0.0000;
   454    4.020          -23048          0.0000;
   455    4.029          -23150          0.0000;
   456    4.038          -23251          0.0000;
   457    4.046          -23352          0.0000;
   458    4.055          -23452          0.0000;
   459    4.064          -23552          0.0000;
   460    4.073          -23652          0.0000;
   461    4.082          -23751          0.0000;
   462    4.091          -23849          0.0000;
   463    4.099          -23948          0.0000;
   464    4.108          -24046          0.0000;
   465    4.117          -24144          0.0000;
   466    4.126          -24241          0.0000;
   467    4.135          -24338          0.0000;
   468    4.144          -24435          0.0000;
   469    4.153          -24532          0.0000;
   470    4.161          -24628          0.0000;
   471    4.170          -24724          0.0000;
   472    4.179          -24819          0.0000;
   473    4.188          -24915          0.0000;
   474    4.197          -25010          0.0000;
   475    4.206          -25104          0.0000;
   476    4.215          -25198          0.0000;
   477    4.223          -25292          0.0000;
   478    4.232          -25386          0.0000;
   479    4.241          -25477          0.0000;
   480    4.250          -25569          0.0000;
   481    4.259          -25662          0.0000;
   482    4.268          -25755          0.0000;
   483    4.277          -25847          0.0000;
   484    4.285          -25939          0.0000;
   485    4.294          -26030          0.0000;
   486    4.303          -26122          0.0000;
   487    4.312          -26213          0.0000;
   488    4.321          -26304          0.0000;
   489    4.330          -26395          0.0000;
   490    4.339          -26485          0.0000;
   491    4.347          -26575          0.0000;
   492    4.356          -26665          0.0000;
   493    4.365          -26755          0.0000;
   494    4.374          -26845          0.0000;
   495    4.383          -26934          0.0000;
   496    4.392          -27024          0.0000;
   497    4.401          -27113          0.0000;
   498    4.409          -27202          0.0000;
   499    4.418          -27290          0.0000;
   500    4.427          -27379          0.0000;
   501    4.436          -27467          0.0000;
   502    4.445          -27555          0.0000;
   503    4.454          -27642          0.0000;
   504    4.463          -27730          0.0000;
   505    4.471          -27817          0.0000;
   506    4.480          -27904          0.0000;
   507    4.489          -27991          0.0000;
   508    4.498          -28077          0.0000;
   509    4.507          -28164          0.0000;
   510    4.516          -28250          0.0000;
   511    4.524          -28336          0.0000;
   512    4.533          -28421          0.0000;
   513    4.542          -28507          0.0000;
   514    4.551          -28592          0.0000;
   515    4.560          -28677          0.0000;
   516    4.569          -28762          0.0000;
   517    4.578          -28847          0.0000;
   518    4.586          -28931          0.0000;
   519    4.595          -29016          0.0000;
   520    4.604          -29100          0.0000;
   521    4.613          -29184          0.0000;
   522    4.622          -29268          0.0000;
   523    4.631          -29351          0.0000;
   524    4.640          -29434          0.0000;
   525    4.648          -29517          0.0000;
   526    4.657          -29600          0.0000;
   527    4.666          -29683          0.0000;
   528    4.675          -29765          0.0000;
   529    4.684          -29847          0.0000;
   530    4.693          -29929          0.0000;
   531    4.702          -30010          0.0000;
   532    4.710          -30092          0.0000;
   533    4.719          -30173          0.0000;
   534    4.728          -30254          0.0000;
   535    4.737          -30334          0.0000;
   536    4.746          -30415          0.0000;
   537    4.755          -30495          0.0000;
   538    4.764          -30575          0.0000;
   539    4.772          -30655          0.0000;
   540    4.781          -30735          0.0000;
   541    4.790          -30814          0.0000;
   542    4.799          -30893          0.0000;
   543    4.808          -30972          0.0000;
   544    4.817          -31050          0.0000;
   545    4.826          -31129          0.0000;
   546    4.834          -31207          0.0000;
   547    4.843          -31284          0.0000;
   548    4.852          -31362          0.0000;
   549    4.861          -31439          0.0000;
   550    4.870          -31516          0.0000;
   551    4.879          -31592          0.0000;
   552    4.888          -31669          0.0000;
   553    4.896          -31745          0.0000;
   554    4.905          -31820          0.0000;
   555    4.914          -31896          0.0000;
   556    4.923          -31971          0.0000;
   557    4.932          -32045          0.0000;
   558    4.941          -32120          0.0000;
   559    4.949          -32194          0.0000;
   560    4.958          -32268          0.0000;
   561    4.967          -32341          0.0000;
   562    4.976          -32415          0.0000;
   563    4.985          -32488          0.0000;
   564    4.994          -32560          0.0000;
   565    5.003          -32633          0.0000;
   566    5.011          -32705          0.0000;
   567    5.020          -32777          0.0000;
   568    5.029          -32848          0.0000;
   569    5.038          -32919          0.0000;
   570    5.047          -32990          0.0000;
   571    5.056          -33060          0.0000;
   572    5.065          -33131          0.0000;
   573    5.073          -33200          0.0000;
   574    5.082          -33270          0.0000;
   575    5.091          -33339          0.0000;
   576    5.100          -33407          0.0000;
   577    5.109          -33476          0.0000;
   578    5.118          -33544          0.0000;
   579    5.127          -33611          0.0000;
   580    5.135          -33678          0.0000;
   581    5.144          -33745          0.0000;
   582    5.153          -33812          0.0000;
   583    5.162          -33878          0.0000;
   584    5.171          -33944          0.0000;
   585    5.180          -34009          0.0000;
   586    5.189          -34074          0.0000;
   587    5.197          -34139          0.0000;
   588    5.206          -34203          0.0000;
   589    5.215          -34266          0.0000;
   590    5.224          -34330          0.0000;
   591    5.233          -34393          0.0000;
   592    5.242          -34456          0.0000;
   593    5.251          -34518          0.0000;
   594    5.259          -34580          0.0000;
   595    5.268          -34641          0.0000;
   596    5.277          -34702          0.0000;
   597    5.286          -34763          0.0000;
   598    5.295          -34823          0.0000;
   599    5.304          -34883          0.0000;
   600    5.313          -34943          0.0000;
   601    5.321          -35002          0.0000;
   602    5.330          -35060          0.0000;
   603    5.339          -35118          0.0000;
   604    5.348          -35176          0.0000;
   605    5.357          -35233          0.0000;
   606    5.366          -35289          0.0000;
   607    5.374          -35345          0.0000;
   608    5.383          -35401          0.0000;
   609    5.392          -35456          0.0000;
   610    5.401          -35511          0.0000;
   611    5.410          -35565          0.0000;
   612    5.419          -35619          0.0000;
   613    5.428          -35672          0.0000;
   614    5.436          -35725          0.0000;
   615    5.445          -35778          0.0000;
   616    5.454          -35830          0.0000;
   617    5.463          -35882          0.0000;
   618    5.472          -35933          0.0000;
   619    5.481          -35984          0.0000;
   620    5.490          -36034          0.0000;
   621    5.498          -36084          0.0000;
   622    5.507          -36133          0.0000;
   623    5.516          -36182          0.0000;
   624    5.525          -36230          0.0000;
   625    5.534          -36279          0.0000;
   626    5.543          -36327          0.0000;
   627    5.552          -36375          0.0000;
   628    5.560          -36422          0.0000;
   629    5.569          -36469          0.0000;
   630    5.578          -36515          0.0000;
   631    5.587          -36561          0.0000;
   632    5.596          -36606          0.0000;
   633    5.605          -36652          0.0000;
   634    5.614          -36697          0.0000;
   635    5.622          -36741          0.0000;
   636    5.631          -36784          0.0000;
   637    5.640          -36827          0.0000;
   638    5.649          -36870          0.0000;
   639    5.658          -36913          0.0000;
   640    5.667          -36955          0.0000;
   641    5.676          -36997          0.0000;
   642    5.684          -37038          0.0000;
   643    5.693          -37079          0.0000;
   644    5.702          -37119          0.0000;
   645    5.711          -37159          0.0000;
   646    5.720          -37199          0.0000;
   647    5.729          -37238          0.0000;
   648    5.738          -37277          0.0000;
   649    5.746          -37315          0.0000;
   650    5.755          -37353          0.0000;
   651    5.764          -37391          0.0000;
   652    5.773          -37429          0.0000;
   653    5.782          -37466          0.0000;
   654    5.791          -37502          0.0000;
   655    5.799          -37538          0.0000;
   656    5.808          -37574          0.0000;
   657    5.817          -37610          0.0000;
   658    5.826          -37645          0.0000;
   659    5.835          -37680          0.0000;
   660    5.844          -37714          0.0000;
   661    5.853          -37748          0.0000;
   662    5.861          -37782          0.0000;
   663    5.870          -37815          0.0000;
   664    5.879          -37848          0.0000;
   665    5.888          -37881          0.0000;
   666    5.897          -37913          0.0000;
   667    5.906          -37945          0.0000;
   668    5.915          -37977          0.0000;
   669    5.923          -38008          0.0000;
   670    5.932          -38039          0.0000;
   671    5.941          -38069          0.0000;
   672    5.950          -38099          0.0000;
   673    5.959          -38129          0.0000;
   674    5.968          -38158          0.0000;
   675    5.977          -38187          0.0000;
   676    5.985          -38216          0.0000;
   677    5.994          -38244          0.0000;
   678    6.003          -38271          0.0000;
   679    6.012          -38299          0.0000;
   680    6.021          -38325          0.0000;
   681    6.030          -38352          0.0000;
   682    6.039          -38378          0.0000;
   683    6.047          -38404          0.0000;
   684    6.056          -38429          0.0000;
   685    6.065          -38454          0.0000;
   686    6.074          -38478          0.0000;
   687    6.083          -38502          0.0000;
   688    6.092          -38525          0.0000;
   689    6.101          -38549          0.0000;
   690    6.109          -38572          0.0000;
   691    6.118          -38594          0.0000;
   692    6.127          -38616          0.0000;
   693    6.136          -38637          0.0000;
   694    6.145          -38659          0.0000;
   695    6.154          -38680          0.0000;
   696    6.163          -38700          0.0000;
   697    6.171          -38720          0.0000;
   698    6.180          -38740          0.0000;
   699    6.189          -38759          0.0000;
   700    6.198          -38778          0.0000;
   701    6.207          -38797          0.0000;
   702    6.216          -38815          0.0000;
   703    6.224          -38833          0.0000;
   704    6.233          -38851          0.0000;
   705    6.242          -38869          0.0000;
   706    6.251          -38886          0.0000;
   707    6.260          -38902          0.0000;
   708    6.269          -38919          0.0000;
   709    6.278          -38935          0.0000;
   710    6.286          -38950          0.0000;
   711    6.295          -38966          0.0000;
   712    6.304          -38981          0.0000;
   713    6.313          -38995          0.0000;
   714    6.322          -39009          0.0000;
   715    6.331          -39023          0.0000;
   716    6.340          -39036          0.0000;
   717    6.348          -39049          0.0000;
   718    6.357          -39061          0.0000;
   719    6.366          -39073          0.0000;
   720    6.375          -39085          0.0000;
   721    6.384          -39096          0.0000;
   722    6.393          -39107          0.0000;
   723    6.402          -39117          0.0000;
   724    6.410          -39127          0.0000;
   725    6.419          -39137          0.0000;
   726    6.428          -39146          0.0000;
   727    6.437          -39155          0.0000;
   728    6.446          -39163          0.0000;
   729    6.455          -39171          0.0000;
   730    6.464          -39179          0.0000;
   731    6.472          -39186          0.0000;
   732    6.481          -39193          0.0000;
   733    6.490          -39200          0.0000;
   734    6.499          -39206          0.0000;
   735    6.508          -39212          0.0000;
   736    6.517          -39217          0.0000;
   737    6.526          -39223          0.0000;
   738    6.534          -39228          0.0000;
   739    6.543          -39232          0.0000;
   740    6.552          -39237          0.0000;
   741    6.561          -39241          0.0000;
   742    6.570          -39244          0.0000;
   743    6.579          -39248          0.0000;
   744    6.588          -39251          0.0000;
   745    6.596          -39253          0.0000;
   746    6.605          -39256          0.0000;
   747    6.614          -39257          0.0000;
   748    6.623          -39259          0.0000;
   749    6.632          -39260          0.0000;
   750    6.641          -39261          0.0000;
   751    6.649          -39262          0.0000;
   752    6.658          -39262          0.0000;
   753    6.667          -39263          0.0000;
   754    6.676          -39263          0.0000;
   755    6.685          -39263          0.0000;
   756    6.694          -39262          0.0000;
   757    6.703          -39261          0.0000;
   758    6.711          -39259          0.0000;
   759    6.720          -39257          0.0000;
   760    6.729          -39255          0.0000;
   761    6.738          -39252          0.0000;
   762    6.747          -39249          0.0000;
   763    6.756          -39246          0.0000;
   764    6.765          -39243          0.0000;
   765    6.773          -39239          0.0000;
   766    6.782          -39235          0.0000;
   767    6.791          -39231          0.0000;
   768    6.800          -39226          0.0000;
   769    6.809          -39221          0.0000;
   770    6.818          -39216          0.0000;
   771    6.827          -39210          0.0000;
   772    6.835          -39205          0.0000;
   773    6.844          -39198          0.0000;
   774    6.853          -39192          0.0000;
   775    6.862          -39185          0.0000;
   776    6.871          -39178          0.0000;
   777    6.880          -39171          0.0000;
   778    6.889          -39163          0.0000;
   779    6.897          -39155          0.0000;
   780    6.906          -39147          0.0000;
   781    6.915          -39139          0.0000;
   782    6.924          -39130          0.0000;
   783    6.933          -39121          0.0000;
   784    6.942          -39112          0.0000;
   785    6.951          -39102          0.0000;
   786    6.959          -39092          0.0000;
   787    6.968          -39082          0.0000;
   788    6.977          -39072          0.0000;
   789    6.986          -39061          0.0000;
   790    6.995          -39050          0.0000;
   791    7.004          -39039          0.0000;
   792    7.013          -39027          0.0000;
   793    7.021          -39015          0.0000;
   794    7.030          -39003          0.0000;
   795    7.039          -38991          0.0000;
   796    7.048          -38978          0.0000;
   797    7.057          -38965          0.0000;
   798    7.066          -38952          0.0000;
   799    7.074          -38938          0.0000;
   800    7.083          -38925          0.0000;
   801    7.092          -38910          0.0000;
   802    7.101          -38896          0.0000;
   803    7.110          -38881          0.0000;
   804    7.119          -38866          0.0000;
   805    7.128          -38851          0.0000;
   806    7.136          -38836          0.0000;
   807    7.145          -38820          0.0000;
   808    7.154          -38804          0.0000;
   809    7.163          -38788          0.0000;
   810    7.172          -38771          0.0000;
   811    7.181          -38754          0.0000;
   812    7.190          -38737          0.0000;
   813    7.198          -38720          0.0000;
   814    7.207          -38702          0.0000;
   815    7.216          -38684          0.0000;
   816    7.225          -38666          0.0000;
   817    7.234          -38648          0.0000;
   818    7.243          -38629          0.0000;
   819    7.252          -38610          0.0000;
   820    7.260          -38591          0.0000;
   821    7.269          -38572          0.0000;
   822    7.278          -38552          0.0000;
   823    7.287          -38532          0.0000;
   824    7.296          -38512          0.0000;
   825    7.305          -38492          0.0000;
   826    7.314          -38471          0.0000;
   827    7.322          -38450          0.0000;
   828    7.331          -38429          0.0000;
   829    7.340          -38407          0.0000;
   830    7.349          -38385          0.0000;
   831    7.358          -38363          0.0000;
   832    7.367          -38340          0.0000;
   833    7.376          -38317          0.0000;
   834    7.384          -38294          0.0000;
   835    7.393          -38271          0.0000;
   836    7.402          -38247          0.0000;
   837    7.411          -38223          0.0000;
   838    7.420          -38199          0.0000;
   839    7.429          -38174          0.0000;
   840    7.438          -38150          0.0000;
   841    7.446          -38124          0.0000;
   842    7.455          -38099          0.0000;
   843    7.464          -38073          0.0000;
   844    7.473          -38047          0.0000;
   845    7.482          -38021          0.0000;
   846    7.491          -37994          0.0000;
   847    7.499          -37967          0.0000;
   848    7.508          -37940          0.0000;
   849    7.517          -37913          0.0000;
   850    7.526          -37885          0.0000;
   851    7.535          -37857          0.0000;
   852    7.544          -37828          0.0000;
   853    7.553          -37799          0.0000;
   854    7.561          -37770          0.0000;
   855    7.570          -37741          0.0000;
   856    7.579          -37711          0.0000;
   857    7.588          -37682          0.0000;
   858    7.597          -37652          0.0000;
   859    7.606          -37621          0.0000;
   860    7.615          -37590          0.0000;
   861    7.623          -37559          0.0000;
   862    7.632          -37528          0.0000;
   863    7.641          -37497          0.0000;
   864    7.650          -37465          0.0000;
   865    7.659          -37433          0.0000;
   866    7.668          -37400          0.0000;
   867    7.677          -37368          0.0000;
   868    7.685          -37335          0.0000;
   869    7.694          -37302          0.0000;
   870    7.703          -37268          0.0000;
   871    7.712          -37234          0.0000;
   872    7.721          -37201          0.0000;
   873    7.730          -37166          0.0000;
   874    7.739          -37132          0.0000;
   875    7.747          -37097          0.0000;
   876    7.756          -37062          0.0000;
   877    7.765          -37026          0.0000;
   878    7.774          -36991          0.0000;
   879    7.783          -36955          0.0000;
   880    7.792          -36919          0.0000;
   881    7.801          -36882          0.0000;
   882    7.809          -36846          0.0000;
   883    7.818          -36809          0.0000;
   884    7.827          -36771          0.0000;
   885    7.836          -36734          0.0000;
   886    7.845          -36696          0.0000;
   887    7.854          -36658          0.0000;
   888    7.863          -36620          0.0000;
   889    7.871          -36582          0.0000;
   890    7.880          -36543          0.0000;
   891    7.889          -36504          0.0000;
   892    7.898          -36465          0.0000;
   893    7.907          -36426          0.0000;
   894    7.916          -36386          0.0000;
   895    7.924          -36346          0.0000;
   896    7.933          -36306          0.0000;
   897    7.942          -36266          0.0000;
   898    7.951          -36225          0.0000;
   899    7.960          -36185          0.0000;
   900    7.969          -36144          0.0000;
   901    7.978          -36102          0.0000;
   902    7.986          -36061          0.0000]
