
     0    0.000               0          0.0000
     1    0.009               0          2.0006
     2    0.018               0          2.0006
     3    0.027              -2          2.0006
     4    0.035              -3          2.0006;
     5    0.044              -6          2.0006;
     6    0.053              -8          2.0006;
     7    0.062             -11          2.0006;
     8    0.071             -15          2.0006;
     9    0.080             -18          2.0006;
    10    0.089             -22          2.0006;
    11    0.097             -27          2.0006;
    12    0.106             -32          2.0006;
    13    0.115             -37          2.0006;
    14    0.124             -43          2.0006;
    15    0.133             -49          2.0006;
    16    0.142             -55          2.0006;
    17    0.151             -62          2.0006;
    18    0.159             -69          2.0006;
    19    0.168             -76          2.0006;
    20    0.177             -84          2.0006;
    21    0.186             -92          2.0006;
    22    0.195            -101          2.0006;
    23    0.204            -110          2.0006;
    24    0.213            -119          2.0006;
    25    0.221            -128          2.0006;
    26    0.230            -138          2.0006;
    27    0.239            -148          2.0006;
    28    0.248            -159          2.0006;
    29    0.257            -170          2.0006;
    30    0.266            -181          2.0006;
    31    0.274            -192          2.0006;
    32    0.283            -204          2.0006;
    33    0.292            -217          2.0006;
    34    0.301            -229          2.0006;
    35    0.310            -242          2.0006;
    36    0.319            -255          2.0006;
    37    0.328            -269          2.0006;
    38    0.336            -283          2.0006;
    39    0.345            -297          2.0006;
    40    0.354            -311          2.0006;
    41    0.363            -326          2.0006;
    42    0.372            -342          2.0006;
    43    0.381            -357          2.0006;
    44    0.390            -373          2.0006;
    45    0.398            -389          2.0006;
    46    0.407            -405          2.0006;
    47    0.416            -422          2.0006;
    48    0.425            -439          2.0006;
    49    0.434            -456          2.0006;
    50    0.443            -474          2.0006;
    51    0.452            -492          2.0006;
    52    0.460            -510          2.0006;
    53    0.469            -529          2.0006;
    54    0.478            -547          2.0006;
    55    0.487            -567          2.0006;
    56    0.496            -586          2.0006;
    57    0.505            -606          2.0006;
    58    0.514            -626          2.0006;
    59    0.522            -646          2.0006;
    60    0.531            -667          2.0006;
    61    0.540            -688          2.0006;
    62    0.549            -709          2.0006;
    63    0.558            -731          2.0006;
    64    0.567            -753          2.0006;
    65    0.576            -775          2.0006;
    66    0.584            -798          2.0006;
    67    0.593            -821          2.0006;
    68    0.602            -844          2.0006;
    69    0.611            -867          2.0006;
    70    0.620            -891          2.0006;
    71    0.629            -915          2.0006;
    72    0.638            -939          2.0006;
    73    0.646            -964          2.0006;
    74    0.655            -989          2.0006;
    75    0.664           -1015          2.0006;
    76    0.673           -1040          2.0006;
    77    0.682           -1066          2.0006;
    78    0.691           -1092          2.0006;
    79    0.699           -1119          2.0006;
    80    0.708           -1146          2.0006;
    81    0.717           -1173          2.0006;
    82    0.726           -1201          2.0006;
    83    0.735           -1228          2.0006;
    84    0.744           -1257          2.0006;
    85    0.753           -1285          2.0006;
    86    0.761           -1314          2.0006;
    87    0.770           -1343          2.0006;
    88    0.779           -1373          2.0006;
    89    0.788           -1403          2.0006;
    90    0.797           -1433          2.0006;
    91    0.806           -1463          2.0006;
    92    0.815           -1494          2.0006;
    93    0.823           -1526          2.0006;
    94    0.832           -1557          2.0006;
    95    0.841           -1589          2.0006;
    96    0.850           -1621          2.0006;
    97    0.859           -1654          2.0006;
    98    0.868           -1687          2.0006;
    99    0.877           -1721          2.0006;
   100    0.885           -1754          2.0006;
   101    0.894           -1788          2.0006;
   102    0.903           -1823          2.0006;
   103    0.912           -1858          2.0006;
   104    0.921           -1892          2.0006;
   105    0.930           -1928          2.0006;
   106    0.939           -1963          2.0006;
   107    0.947           -1999          2.0006;
   108    0.956           -2035          2.0006;
   109    0.965           -2071          2.0006;
   110    0.974           -2108          2.0006;
   111    0.983           -2145          2.0006;
   112    0.992           -2181          2.0006;
   113    1.001           -2218          2.0006;
   114    1.009           -2256          2.0006;
   115    1.018           -2293          2.0006;
   116    1.027           -2331          2.0006;
   117    1.036           -2369          2.0006;
   118    1.045           -2407          2.0006;
   119    1.054           -2445          2.0006;
   120    1.063           -2484          2.0006;
   121    1.071           -2523          2.0006;
   122    1.080           -2562          2.0006;
   123    1.089           -2601          2.0006;
   124    1.098           -2641          2.0006;
   125    1.107           -2680          2.0006;
   126    1.116           -2720          2.0006;
   127    1.124           -2761          2.0006;
   128    1.133           -2801          2.0006;
   129    1.142           -2842          2.0006;
   130    1.151           -2883          2.0006;
   131    1.160           -2924          2.0006;
   132    1.169           -2966          2.0006;
   133    1.178           -3007          2.0006;
   134    1.186           -3049          2.0006;
   135    1.195           -3092          2.0006;
   136    1.204           -3134          2.0006;
   137    1.213           -3177          2.0006;
   138    1.222           -3220          2.0006;
   139    1.231           -3263          2.0006;
   140    1.240           -3306          2.0006;
   141    1.248           -3350          2.0006;
   142    1.257           -3394          2.0006;
   143    1.266           -3438          2.0006;
   144    1.275           -3482          2.0006;
   145    1.284           -3527          2.0006;
   146    1.293           -3572          2.0006;
   147    1.302           -3617          2.0006;
   148    1.310           -3663          2.0006;
   149    1.319           -3708          2.0006;
   150    1.328           -3754          2.0006;
   151    1.337           -3800          2.0006;
   152    1.346           -3847          2.0006;
   153    1.355           -3893          2.0006;
   154    1.364           -3940          2.0006;
   155    1.372           -3987          2.0006;
   156    1.381           -4034          2.0006;
   157    1.390           -4081          2.0006;
   158    1.399           -4128          2.0006;
   159    1.408           -4175          2.0006;
   160    1.417           -4223          2.0006;
   161    1.426           -4272          2.0006;
   162    1.434           -4322          2.0006;
   163    1.443           -4371          2.0006;
   164    1.452           -4420          2.0006;
   165    1.461           -4470          2.0006;
   166    1.470           -4519          2.0006;
   167    1.479           -4570          2.0006;
   168    1.488           -4621          2.0006;
   169    1.496           -4672          2.0006;
   170    1.505           -4723          2.0006;
   171    1.514           -4774          2.0006;
   172    1.523           -4825          2.0006;
   173    1.532           -4877          2.0006;
   174    1.541           -4929          2.0006;
   175    1.549           -4982          2.0006;
   176    1.558           -5034          2.0006;
   177    1.567           -5087          2.0006;
   178    1.576           -5139          2.0006;
   179    1.585           -5193          2.0006;
   180    1.594           -5246          2.0006;
   181    1.603           -5300          2.0006;
   182    1.611           -5355          2.0006;
   183    1.620           -5409          2.0006;
   184    1.629           -5463          2.0006;
   185    1.638           -5518          2.0006;
   186    1.647           -5574          2.0006;
   187    1.656           -5629          2.0006;
   188    1.665           -5685          2.0006;
   189    1.673           -5741          2.0006;
   190    1.682           -5798          2.0006;
   191    1.691           -5854          2.0006;
   192    1.700           -5911          2.0006;
   193    1.709           -5969          2.0006;
   194    1.718           -6027          2.0006;
   195    1.727           -6085          2.0006;
   196    1.735           -6143          2.0006;
   197    1.744           -6202          2.0006;
   198    1.753           -6262          2.0006;
   199    1.762           -6321          2.0006;
   200    1.771           -6381          2.0006;
   201    1.780           -6441          2.0006;
   202    1.789           -6501          2.0006;
   203    1.797           -6562          2.0006;
   204    1.806           -6622          2.0006;
   205    1.815           -6683          2.0006;
   206    1.824           -6745          2.0006;
   207    1.833           -6806          2.0006;
   208    1.842           -6868          2.0006;
   209    1.851           -6930          2.0006;
   210    1.859           -6992          2.0006;
   211    1.868           -7054          2.0006;
   212    1.877           -7117          2.0006;
   213    1.886           -7180          2.0006;
   214    1.895           -7243          2.0006;
   215    1.904           -7307          2.0006;
   216    1.913           -7370          2.0006;
   217    1.921           -7434          2.0006;
   218    1.930           -7499          2.0006;
   219    1.939           -7563          2.0006;
   220    1.948           -7628          2.0006;
   221    1.957           -7694          2.0006;
   222    1.966           -7759          2.0006;
   223    1.974           -7825          2.0006;
   224    1.983           -7891          2.0006;
   225    1.992           -7958          2.0006;
   226    2.001           -8025          2.0006;
   227    2.010           -8093          2.0006;
   228    2.019           -8161          2.0006;
   229    2.028           -8229          2.0006;
   230    2.036           -8297          2.0006;
   231    2.045           -8366          2.0006;
   232    2.054           -8435          2.0006;
   233    2.063           -8505          2.0006;
   234    2.072           -8575          2.0006;
   235    2.081           -8645          2.0006;
   236    2.090           -8715          2.0006;
   237    2.098           -8786          2.0006;
   238    2.107           -8857          2.0006;
   239    2.116           -8929          2.0006;
   240    2.125           -9001          2.0006;
   241    2.134           -9073          2.0006;
   242    2.143           -9146          2.0006;
   243    2.152           -9219          2.0006;
   244    2.160           -9292          2.0006;
   245    2.169           -9366          2.0006;
   246    2.178           -9440          2.0006;
   247    2.187           -9514          2.0006;
   248    2.196           -9587          2.0006;
   249    2.205           -9662          2.0006;
   250    2.214           -9738          2.0006;
   251    2.222           -9814          2.0006;
   252    2.231           -9891          2.0006;
   253    2.240           -9968          2.0006;
   254    2.249          -10046          2.0006;
   255    2.258          -10123          2.0006;
   256    2.267          -10202          2.0006;
   257    2.276          -10280          2.0006;
   258    2.284          -10359          2.0006;
   259    2.293          -10439          2.0006;
   260    2.302          -10519          2.0006;
   261    2.311          -10599          2.0006;
   262    2.320          -10680          2.0006;
   263    2.329          -10762          2.0006;
   264    2.338          -10844          2.0006;
   265    2.346          -10926          2.0006;
   266    2.355          -11008          2.0006;
   267    2.364          -11091          2.0006;
   268    2.373          -11175          2.0006;
   269    2.382          -11259          2.0006;
   270    2.391          -11343          2.0006;
   271    2.399          -11428          2.0006;
   272    2.408          -11513          2.0006;
   273    2.417          -11599          2.0006;
   274    2.426          -11685          2.0006;
   275    2.435          -11771          2.0006;
   276    2.444          -11859          2.0006;
   277    2.453          -11946          2.0006;
   278    2.461          -12034          2.0006;
   279    2.470          -12123          2.0006;
   280    2.479          -12211          2.0006;
   281    2.488          -12301          2.0006;
   282    2.497          -12391          2.0006;
   283    2.506          -12482          2.0006;
   284    2.515          -12572          2.0006;
   285    2.523          -12664          2.0006;
   286    2.532          -12756          2.0006;
   287    2.541          -12849          2.0006;
   288    2.550          -12941          2.0006;
   289    2.559          -13035          2.0006;
   290    2.568          -13128          2.0006;
   291    2.577          -13222          2.0006;
   292    2.585          -13317          2.0006;
   293    2.594          -13412          2.0006;
   294    2.603          -13507          2.0006;
   295    2.612          -13603          2.0006;
   296    2.621          -13699          2.0006;
   297    2.630          -13796          2.0006;
   298    2.639          -13894          2.0006;
   299    2.647          -13991          2.0006;
   300    2.656          -14089          2.0006;
   301    2.665          -14188          2.0006;
   302    2.674          -14287          2.0006;
   303    2.683          -14386          2.0006;
   304    2.692          -14486          2.0006;
   305    2.701          -14587          2.0006;
   306    2.709          -14687          2.0006;
   307    2.718          -14789          2.0006;
   308    2.727          -14890          2.0006;
   309    2.736          -14992          2.0006;
   310    2.745          -15095          2.0006;
   311    2.754          -15198          2.0006;
   312    2.763          -15301          2.0006;
   313    2.771          -15404          2.0006;
   314    2.780          -15508          2.0006;
   315    2.789          -15613          2.0006;
   316    2.798          -15717          2.0006;
   317    2.807          -15822          2.0006;
   318    2.816          -15928          2.0006;
   319    2.824          -16033          2.0006;
   320    2.833          -16139          2.0006;
   321    2.842          -16246          2.0006;
   322    2.851          -16352          2.0006;
   323    2.860          -16459          2.0006;
   324    2.869          -16566          2.0006;
   325    2.878          -16674          2.0006;
   326    2.886          -16782          2.0006;
   327    2.895          -16890          2.0006;
   328    2.904          -16999          2.0006;
   329    2.913          -17107          2.0006;
   330    2.922          -17217          2.0006;
   331    2.931          -17326          2.0006;
   332    2.940          -17436          2.0006;
   333    2.948          -17546          2.0006;
   334    2.957          -17656          2.0006;
   335    2.966          -17767          2.0006;
   336    2.975          -17878          2.0006;
   337    2.984          -17989          2.0006;
   338    2.993          -18101          2.0006;
   339    3.002          -18213          2.0006;
   340    3.010          -18325          2.0006;
   341    3.019          -18438          2.0006;
   342    3.028          -18550          2.0006;
   343    3.037          -18663          2.0006;
   344    3.046          -18776          2.0006;
   345    3.055          -18890          2.0006;
   346    3.064          -19003          2.0006;
   347    3.072          -19117          2.0006;
   348    3.081          -19231          2.0006;
   349    3.090          -19346          2.0006;
   350    3.099          -19461          2.0006;
   351    3.108          -19575          2.0006;
   352    3.117          -19690          2.0006;
   353    3.126          -19806          2.0006;
   354    3.134          -19921          2.0006;
   355    3.143          -20037          2.0006;
   356    3.152          -20152          2.0006;
   357    3.161          -20267          2.0006;
   358    3.170          -20383          2.0006;
   359    3.179          -20499          2.0006;
   360    3.188          -20616          2.0006;
   361    3.196          -20734          2.0006;
   362    3.205          -20852          2.0006;
   363    3.214          -20970          2.0006;
   364    3.223          -21087          2.0006;
   365    3.232          -21205          2.0006;
   366    3.241          -21323          2.0006;
   367    3.249          -21443          2.0006;
   368    3.258          -21562          2.0006;
   369    3.267          -21682          2.0006;
   370    3.276          -21801          2.0006;
   371    3.285          -21920          2.0006;
   372    3.294          -22040          2.0006;
   373    3.303          -22161          2.0006;
   374    3.311          -22282          2.0006;
   375    3.320          -22403          2.0006;
   376    3.329          -22524          2.0006;
   377    3.338          -22645          2.0006;
   378    3.347          -22766          2.0006;
   379    3.356          -22888          2.0006;
   380    3.365          -23010          2.0006;
   381    3.373          -23133          2.0006;
   382    3.382          -23255          2.0006;
   383    3.391          -23378          2.0006;
   384    3.400          -23501          2.0006;
   385    3.409          -23624          2.0006;
   386    3.418          -23748          2.0006;
   387    3.427          -23872          2.0006;
   388    3.435          -23997          2.0006;
   389    3.444          -24121          2.0006;
   390    3.453          -24246          2.0006;
   391    3.462          -24371          2.0006;
   392    3.471          -24497          2.0006;
   393    3.480          -24623          2.0006;
   394    3.489          -24749          2.0006;
   395    3.497          -24876          2.0006;
   396    3.506          -25003          2.0006;
   397    3.515          -25130          2.0006;
   398    3.524          -25258          2.0006;
   399    3.533          -25386          2.0006;
   400    3.542          -25513          2.0006;
   401    3.551          -25641          2.0006;
   402    3.559          -25770          2.0006;
   403    3.568          -25900          2.0006;
   404    3.577          -26031          2.0006;
   405    3.586          -26162          2.0006;
   406    3.595          -26293          2.0006;
   407    3.604          -26425          2.0006;
   408    3.613          -26557          2.0006;
   409    3.621          -26689          2.0006;
   410    3.630          -26822          2.0006;
   411    3.639          -26955          2.0006;
   412    3.648          -27089          2.0006;
   413    3.657          -27223          2.0006;
   414    3.666          -27358          2.0006;
   415    3.674          -27493          2.0006;
   416    3.683          -27628          2.0006;
   417    3.692          -27764          2.0006;
   418    3.701          -27900          2.0006;
   419    3.710          -28037          2.0006;
   420    3.719          -28175          2.0006;
   421    3.728          -28312          2.0006;
   422    3.736          -28450          2.0006;
   423    3.745          -28589          2.0006;
   424    3.754          -28728          2.0006;
   425    3.763          -28867          2.0006;
   426    3.772          -29007          2.0006;
   427    3.781          -29147          2.0006;
   428    3.790          -29288          2.0006;
   429    3.798          -29429          2.0006;
   430    3.807          -29570          2.0006;
   431    3.816          -29712          2.0006;
   432    3.825          -29855          2.0006;
   433    3.834          -29998          2.0006;
   434    3.843          -30141          2.0006;
   435    3.852          -30285          2.0006;
   436    3.860          -30429          2.0006;
   437    3.869          -30573          2.0006;
   438    3.878          -30718          2.0006;
   439    3.887          -30863          2.0006;
   440    3.896          -31009          2.0006;
   441    3.905          -31155          2.0006;
   442    3.914          -31302          2.0006;
   443    3.922          -31449          2.0006;
   444    3.931          -31596          2.0006;
   445    3.940          -31744          2.0006;
   446    3.949          -31892          2.0006;
   447    3.958          -32040          2.0006;
   448    3.967          -32188          2.0006;
   449    3.976          -32337          2.0006;
   450    3.984          -32487          2.0006;
   451    3.993          -32636          2.0006;
   452    4.002          -32786          2.0006;
   453    4.011          -32936          0.0000;
   454    4.020          -33086          0.0000;
   455    4.029          -33235          0.0000;
   456    4.038          -33385          0.0000;
   457    4.046          -33533          0.0000;
   458    4.055          -33681          0.0000;
   459    4.064          -33829          0.0000;
   460    4.073          -33977          0.0000;
   461    4.082          -34125          0.0000;
   462    4.091          -34271          0.0000;
   463    4.099          -34418          0.0000;
   464    4.108          -34565          0.0000;
   465    4.117          -34711          0.0000;
   466    4.126          -34856          0.0000;
   467    4.135          -35001          0.0000;
   468    4.144          -35146          0.0000;
   469    4.153          -35290          0.0000;
   470    4.161          -35433          0.0000;
   471    4.170          -35576          0.0000;
   472    4.179          -35719          0.0000;
   473    4.188          -35861          0.0000;
   474    4.197          -36002          0.0000;
   475    4.206          -36143          0.0000;
   476    4.215          -36283          0.0000;
   477    4.223          -36422          0.0000;
   478    4.232          -36562          0.0000;
   479    4.241          -36701          0.0000;
   480    4.250          -36841          0.0000;
   481    4.259          -36980          0.0000;
   482    4.268          -37118          0.0000;
   483    4.277          -37256          0.0000;
   484    4.285          -37393          0.0000;
   485    4.294          -37530          0.0000;
   486    4.303          -37666          0.0000;
   487    4.312          -37803          0.0000;
   488    4.321          -37939          0.0000;
   489    4.330          -38075          0.0000;
   490    4.339          -38209          0.0000;
   491    4.347          -38343          0.0000;
   492    4.356          -38478          0.0000;
   493    4.365          -38612          0.0000;
   494    4.374          -38746          0.0000;
   495    4.383          -38879          0.0000;
   496    4.392          -39011          0.0000;
   497    4.401          -39143          0.0000;
   498    4.409          -39275          0.0000;
   499    4.418          -39407          0.0000;
   500    4.427          -39539          0.0000;
   501    4.436          -39669          0.0000;
   502    4.445          -39800          0.0000;
   503    4.454          -39929          0.0000;
   504    4.463          -40059          0.0000;
   505    4.471          -40188          0.0000;
   506    4.480          -40317          0.0000;
   507    4.489          -40446          0.0000;
   508    4.498          -40574          0.0000;
   509    4.507          -40702          0.0000;
   510    4.516          -40829          0.0000;
   511    4.524          -40956          0.0000;
   512    4.533          -41084          0.0000;
   513    4.542          -41211          0.0000;
   514    4.551          -41337          0.0000;
   515    4.560          -41463          0.0000;
   516    4.569          -41586          0.0000;
   517    4.578          -41712          0.0000;
   518    4.586          -41837          0.0000;
   519    4.595          -41963          0.0000;
   520    4.604          -42087          0.0000;
   521    4.613          -42212          0.0000;
   522    4.622          -42336          0.0000;
   523    4.631          -42460          0.0000;
   524    4.640          -42584          0.0000;
   525    4.648          -42708          0.0000;
   526    4.657          -42831          0.0000;
   527    4.666          -42954          0.0000;
   528    4.675          -43077          0.0000;
   529    4.684          -43200          0.0000;
   530    4.693          -43322          0.0000;
   531    4.702          -43444          0.0000;
   532    4.710          -43566          0.0000;
   533    4.719          -43688          0.0000;
   534    4.728          -43810          0.0000;
   535    4.737          -43931          0.0000;
   536    4.746          -44052          0.0000;
   537    4.755          -44173          0.0000;
   538    4.764          -44293          0.0000;
   539    4.772          -44414          0.0000;
   540    4.781          -44534          0.0000;
   541    4.790          -44654          0.0000;
   542    4.799          -44774          0.0000;
   543    4.808          -44893          0.0000;
   544    4.817          -45012          0.0000;
   545    4.826          -45131          0.0000;
   546    4.834          -45250          0.0000;
   547    4.843          -45369          0.0000;
   548    4.852          -45487          0.0000;
   549    4.861          -45606          0.0000;
   550    4.870          -45724          0.0000;
   551    4.879          -45842          0.0000;
   552    4.888          -45960          0.0000;
   553    4.896          -46077          0.0000;
   554    4.905          -46194          0.0000;
   555    4.914          -46311          0.0000;
   556    4.923          -46428          0.0000;
   557    4.932          -46544          0.0000;
   558    4.941          -46660          0.0000;
   559    4.949          -46776          0.0000;
   560    4.958          -46892          0.0000;
   561    4.967          -47007          0.0000;
   562    4.976          -47122          0.0000;
   563    4.985          -47237          0.0000;
   564    4.994          -47351          0.0000;
   565    5.003          -47466          0.0000;
   566    5.011          -47580          0.0000;
   567    5.020          -47694          0.0000;
   568    5.029          -47807          0.0000;
   569    5.038          -47921          0.0000;
   570    5.047          -48033          0.0000;
   571    5.056          -48146          0.0000;
   572    5.065          -48258          0.0000;
   573    5.073          -48369          0.0000;
   574    5.082          -48481          0.0000;
   575    5.091          -48591          0.0000;
   576    5.100          -48702          0.0000;
   577    5.109          -48812          0.0000;
   578    5.118          -48922          0.0000;
   579    5.127          -49031          0.0000;
   580    5.135          -49141          0.0000;
   581    5.144          -49249          0.0000;
   582    5.153          -49358          0.0000;
   583    5.162          -49466          0.0000;
   584    5.171          -49573          0.0000;
   585    5.180          -49680          0.0000;
   586    5.189          -49787          0.0000;
   587    5.197          -49894          0.0000;
   588    5.206          -50001          0.0000;
   589    5.215          -50107          0.0000;
   590    5.224          -50212          0.0000;
   591    5.233          -50318          0.0000;
   592    5.242          -50422          0.0000;
   593    5.251          -50527          0.0000;
   594    5.259          -50631          0.0000;
   595    5.268          -50734          0.0000;
   596    5.277          -50837          0.0000;
   597    5.286          -50940          0.0000;
   598    5.295          -51042          0.0000;
   599    5.304          -51143          0.0000;
   600    5.313          -51245          0.0000;
   601    5.321          -51346          0.0000;
   602    5.330          -51446          0.0000;
   603    5.339          -51546          0.0000;
   604    5.348          -51646          0.0000;
   605    5.357          -51745          0.0000;
   606    5.366          -51844          0.0000;
   607    5.374          -51942          0.0000;
   608    5.383          -52040          0.0000;
   609    5.392          -52137          0.0000;
   610    5.401          -52233          0.0000;
   611    5.410          -52329          0.0000;
   612    5.419          -52425          0.0000;
   613    5.428          -52520          0.0000;
   614    5.436          -52616          0.0000;
   615    5.445          -52712          0.0000;
   616    5.454          -52806          0.0000;
   617    5.463          -52900          0.0000;
   618    5.472          -52993          0.0000;
   619    5.481          -53086          0.0000;
   620    5.490          -53179          0.0000;
   621    5.498          -53272          0.0000;
   622    5.507          -53364          0.0000;
   623    5.516          -53455          0.0000;
   624    5.525          -53546          0.0000;
   625    5.534          -53637          0.0000;
   626    5.543          -53728          0.0000;
   627    5.552          -53818          0.0000;
   628    5.560          -53908          0.0000;
   629    5.569          -53997          0.0000;
   630    5.578          -54086          0.0000;
   631    5.587          -54174          0.0000;
   632    5.596          -54262          0.0000;
   633    5.605          -54350          0.0000;
   634    5.614          -54437          0.0000;
   635    5.622          -54523          0.0000;
   636    5.631          -54610          0.0000;
   637    5.640          -54695          0.0000;
   638    5.649          -54781          0.0000;
   639    5.658          -54866          0.0000;
   640    5.667          -54951          0.0000;
   641    5.676          -55035          0.0000;
   642    5.684          -55119          0.0000;
   643    5.693          -55202          0.0000;
   644    5.702          -55285          0.0000;
   645    5.711          -55368          0.0000;
   646    5.720          -55450          0.0000;
   647    5.729          -55532          0.0000;
   648    5.738          -55614          0.0000;
   649    5.746          -55695          0.0000;
   650    5.755          -55776          0.0000;
   651    5.764          -55857          0.0000;
   652    5.773          -55937          0.0000;
   653    5.782          -56017          0.0000;
   654    5.791          -56097          0.0000;
   655    5.799          -56176          0.0000;
   656    5.808          -56255          0.0000;
   657    5.817          -56333          0.0000;
   658    5.826          -56411          0.0000;
   659    5.835          -56489          0.0000;
   660    5.844          -56567          0.0000;
   661    5.853          -56644          0.0000;
   662    5.861          -56721          0.0000;
   663    5.870          -56797          0.0000;
   664    5.879          -56874          0.0000;
   665    5.888          -56950          0.0000;
   666    5.897          -57026          0.0000;
   667    5.906          -57102          0.0000;
   668    5.915          -57177          0.0000;
   669    5.923          -57252          0.0000;
   670    5.932          -57327          0.0000;
   671    5.941          -57401          0.0000;
   672    5.950          -57475          0.0000;
   673    5.959          -57548          0.0000;
   674    5.968          -57621          0.0000;
   675    5.977          -57695          0.0000;
   676    5.985          -57768          0.0000;
   677    5.994          -57841          0.0000;
   678    6.003          -57914          0.0000;
   679    6.012          -57986          0.0000;
   680    6.021          -58058          0.0000;
   681    6.030          -58130          0.0000;
   682    6.039          -58202          0.0000;
   683    6.047          -58273          0.0000;
   684    6.056          -58344          0.0000;
   685    6.065          -58415          0.0000;
   686    6.074          -58486          0.0000;
   687    6.083          -58556          0.0000;
   688    6.092          -58626          0.0000;
   689    6.101          -58695          0.0000;
   690    6.109          -58765          0.0000;
   691    6.118          -58834          0.0000;
   692    6.127          -58903          0.0000;
   693    6.136          -58972          0.0000;
   694    6.145          -59041          0.0000;
   695    6.154          -59110          0.0000;
   696    6.163          -59178          0.0000;
   697    6.171          -59246          0.0000;
   698    6.180          -59314          0.0000;
   699    6.189          -59382          0.0000;
   700    6.198          -59449          0.0000;
   701    6.207          -59516          0.0000;
   702    6.216          -59583          0.0000;
   703    6.224          -59650          0.0000;
   704    6.233          -59716          0.0000;
   705    6.242          -59783          0.0000;
   706    6.251          -59849          0.0000;
   707    6.260          -59914          0.0000;
   708    6.269          -59980          0.0000;
   709    6.278          -60045          0.0000;
   710    6.286          -60110          0.0000;
   711    6.295          -60175          0.0000;
   712    6.304          -60240          0.0000;
   713    6.313          -60304          0.0000;
   714    6.322          -60369          0.0000;
   715    6.331          -60433          0.0000;
   716    6.340          -60497          0.0000;
   717    6.348          -60560          0.0000;
   718    6.357          -60624          0.0000;
   719    6.366          -60687          0.0000;
   720    6.375          -60750          0.0000;
   721    6.384          -60813          0.0000;
   722    6.393          -60876          0.0000;
   723    6.402          -60938          0.0000;
   724    6.410          -61001          0.0000;
   725    6.419          -61063          0.0000;
   726    6.428          -61124          0.0000;
   727    6.437          -61186          0.0000;
   728    6.446          -61247          0.0000;
   729    6.455          -61309          0.0000;
   730    6.464          -61370          0.0000;
   731    6.472          -61430          0.0000;
   732    6.481          -61491          0.0000;
   733    6.490          -61551          0.0000;
   734    6.499          -61611          0.0000;
   735    6.508          -61671          0.0000;
   736    6.517          -61731          0.0000;
   737    6.526          -61791          0.0000;
   738    6.534          -61850          0.0000;
   739    6.543          -61909          0.0000;
   740    6.552          -61968          0.0000;
   741    6.561          -62027          0.0000;
   742    6.570          -62085          0.0000;
   743    6.579          -62143          0.0000;
   744    6.588          -62201          0.0000;
   745    6.596          -62259          0.0000;
   746    6.605          -62317          0.0000;
   747    6.614          -62374          0.0000;
   748    6.623          -62431          0.0000;
   749    6.632          -62489          0.0000;
   750    6.641          -62545          0.0000;
   751    6.649          -62602          0.0000;
   752    6.658          -62658          0.0000;
   753    6.667          -62715          0.0000;
   754    6.676          -62771          0.0000;
   755    6.685          -62827          0.0000;
   756    6.694          -62882          0.0000;
   757    6.703          -62937          0.0000;
   758    6.711          -62992          0.0000;
   759    6.720          -63047          0.0000;
   760    6.729          -63102          0.0000;
   761    6.738          -63156          0.0000;
   762    6.747          -63210          0.0000;
   763    6.756          -63264          0.0000;
   764    6.765          -63317          0.0000;
   765    6.773          -63370          0.0000;
   766    6.782          -63423          0.0000;
   767    6.791          -63476          0.0000;
   768    6.800          -63528          0.0000;
   769    6.809          -63580          0.0000;
   770    6.818          -63632          0.0000;
   771    6.827          -63683          0.0000;
   772    6.835          -63734          0.0000;
   773    6.844          -63785          0.0000;
   774    6.853          -63836          0.0000;
   775    6.862          -63886          0.0000;
   776    6.871          -63936          0.0000;
   777    6.880          -63986          0.0000;
   778    6.889          -64035          0.0000;
   779    6.897          -64085          0.0000;
   780    6.906          -64134          0.0000;
   781    6.915          -64183          0.0000;
   782    6.924          -64231          0.0000;
   783    6.933          -64279          0.0000;
   784    6.942          -64327          0.0000;
   785    6.951          -64375          0.0000;
   786    6.959          -64422          0.0000;
   787    6.968          -64469          0.0000;
   788    6.977          -64515          0.0000;
   789    6.986          -64562          0.0000;
   790    6.995          -64607          0.0000;
   791    7.004          -64653          0.0000;
   792    7.013          -64698          0.0000;
   793    7.021          -64743          0.0000;
   794    7.030          -64787          0.0000;
   795    7.039          -64831          0.0000;
   796    7.048          -64875          0.0000;
   797    7.057          -64918          0.0000;
   798    7.066          -64961          0.0000;
   799    7.074          -65003          0.0000;
   800    7.083          -65046          0.0000;
   801    7.092          -65087          0.0000;
   802    7.101          -65129          0.0000;
   803    7.110          -65170          0.0000;
   804    7.119          -65211          0.0000;
   805    7.128          -65251          0.0000;
   806    7.136          -65291          0.0000;
   807    7.145          -65331          0.0000;
   808    7.154          -65370          0.0000;
   809    7.163          -65409          0.0000;
   810    7.172          -65448          0.0000;
   811    7.181          -65486          0.0000;
   812    7.190          -65524          0.0000;
   813    7.198          -65562          0.0000;
   814    7.207          -65599          0.0000;
   815    7.216          -65636          0.0000;
   816    7.225          -65672          0.0000;
   817    7.234          -65708          0.0000;
   818    7.243          -65744          0.0000;
   819    7.252          -65779          0.0000;
   820    7.260          -65815          0.0000;
   821    7.269          -65849          0.0000;
   822    7.278          -65883          0.0000;
   823    7.287          -65917          0.0000;
   824    7.296          -65950          0.0000;
   825    7.305          -65983          0.0000;
   826    7.314          -66016          0.0000;
   827    7.322          -66048          0.0000;
   828    7.331          -66080          0.0000;
   829    7.340          -66111          0.0000;
   830    7.349          -66142          0.0000;
   831    7.358          -66173          0.0000;
   832    7.367          -66203          0.0000;
   833    7.376          -66233          0.0000;
   834    7.384          -66262          0.0000;
   835    7.393          -66291          0.0000;
   836    7.402          -66320          0.0000;
   837    7.411          -66348          0.0000;
   838    7.420          -66376          0.0000;
   839    7.429          -66403          0.0000;
   840    7.438          -66430          0.0000;
   841    7.446          -66457          0.0000;
   842    7.455          -66483          0.0000;
   843    7.464          -66509          0.0000;
   844    7.473          -66534          0.0000;
   845    7.482          -66559          0.0000;
   846    7.491          -66584          0.0000;
   847    7.499          -66608          0.0000;
   848    7.508          -66631          0.0000;
   849    7.517          -66655          0.0000;
   850    7.526          -66678          0.0000;
   851    7.535          -66700          0.0000;
   852    7.544          -66722          0.0000;
   853    7.553          -66744          0.0000;
   854    7.561          -66766          0.0000;
   855    7.570          -66787          0.0000;
   856    7.579          -66807          0.0000;
   857    7.588          -66827          0.0000;
   858    7.597          -66847          0.0000;
   859    7.606          -66867          0.0000;
   860    7.615          -66886          0.0000;
   861    7.623          -66905          0.0000;
   862    7.632          -66924          0.0000;
   863    7.641          -66942          0.0000;
   864    7.650          -66960          0.0000;
   865    7.659          -66977          0.0000;
   866    7.668          -66994          0.0000;
   867    7.677          -67011          0.0000;
   868    7.685          -67027          0.0000;
   869    7.694          -67042          0.0000;
   870    7.703          -67058          0.0000;
   871    7.712          -67072          0.0000;
   872    7.721          -67087          0.0000;
   873    7.730          -67101          0.0000;
   874    7.739          -67114          0.0000;
   875    7.747          -67127          0.0000;
   876    7.756          -67139          0.0000;
   877    7.765          -67151          0.0000;
   878    7.774          -67163          0.0000;
   879    7.783          -67174          0.0000;
   880    7.792          -67185          0.0000;
   881    7.801          -67195          0.0000;
   882    7.809          -67205          0.0000;
   883    7.818          -67215          0.0000;
   884    7.827          -67223          0.0000;
   885    7.836          -67232          0.0000;
   886    7.845          -67240          0.0000;
   887    7.854          -67247          0.0000;
   888    7.863          -67254          0.0000;
   889    7.871          -67261          0.0000;
   890    7.880          -67267          0.0000;
   891    7.889          -67273          0.0000;
   892    7.898          -67278          0.0000;
   893    7.907          -67283          0.0000;
   894    7.916          -67287          0.0000;
   895    7.924          -67291          0.0000;
   896    7.933          -67295          0.0000;
   897    7.942          -67298          0.0000;
   898    7.951          -67301          0.0000;
   899    7.960          -67303          0.0000;
   900    7.969          -67306          0.0000;
   901    7.978          -67307          0.0000;
   902    7.986          -67308          0.0000]
